2 0.1796875 0.6158854166666666 0.046875 0.15885416666666666
2 0.7546875 0.5026041666666666 0.03984375 0.12109375
2 0.415625 0.4947916666666667 0.03984375 0.140625
2 0.8390625 0.8177083333333334 0.075 0.15625
2 0.80859375 0.12630208333333334 0.0125 0.028645833333333332
2 0.5421875 0.3932291666666667 0.02890625 0.10546875
2 0.846875 0.21744791666666666 0.01640625 0.036458333333333336
2 0.86875 0.18619791666666666 0.01640625 0.036458333333333336
2 0.85625 0.11197916666666667 0.01171875 0.033854166666666664
2 0.6890625 0.2552083333333333 0.0140625 0.07161458333333333
2 0.69765625 0.2552083333333333 0.0125 0.07552083333333333
2 0.83515625 0.75390625 0.040625 0.10416666666666667
1 0.82421875 0.4153645833333333 0.03359375 0.10026041666666667
1 0.75546875 0.5611979166666666 0.04453125 0.125
1 0.42109375 0.5377604166666666 0.0703125 0.11848958333333333
1 0.84765625 0.25390625 0.01796875 0.057291666666666664
1 0.83828125 0.9088541666666666 0.06953125 0.18098958333333334
1 0.54296875 0.4296875 0.03515625 0.11197916666666667
1 0.765625 0.2109375 0.021875 0.053385416666666664
1 0.75390625 0.421875 0.034375 0.08723958333333333
1 0.80859375 0.14713541666666666 0.0140625 0.040364583333333336
1 0.821875 0.15625 0.01328125 0.0390625
1 0.0296875 0.6848958333333334 0.059375 0.109375
1 0.86875 0.22005208333333334 0.01640625 0.05078125
1 0.1828125 0.6614583333333334 0.1203125 0.15494791666666666
2 0.82265625 0.13411458333333334 0.0109375 0.03125
1 0.82421875 0.11197916666666667 0.01015625 0.03125
1 0.77734375 0.16536458333333334 0.01484375 0.033854166666666664
1 0.8546875 0.13411458333333334 0.0140625 0.036458333333333336
1 0.68828125 0.2799479166666667 0.028125 0.07552083333333333
0 0.60390625 0.2734375 0.103125 0.13151041666666666
0 0.40703125 0.4401041666666667 0.19921875 0.21614583333333334
0 0.459375 0.2565104166666667 0.109375 0.1171875
0 0.696875 0.13932291666666666 0.0484375 0.06640625
0 0.64296875 0.16145833333333334 0.0640625 0.08203125
0 0.34921875 0.32421875 0.09921875 0.11328125
0 0.51796875 0.20963541666666666 0.07109375 0.10026041666666667
0 0.4859375 0.3372395833333333 0.11484375 0.1171875
0 0.7375 0.14713541666666666 0.05078125 0.06901041666666667
0 0.8671875 0.1640625 0.04609375 0.078125
0 0.7703125 0.0703125 0.02890625 0.026041666666666668
0 0.76015625 0.11197916666666667 0.04296875 0.057291666666666664
0 0.7859375 0.09765625 0.03203125 0.046875
0 0.1109375 0.53515625 0.221875 0.21354166666666666
0 0.890625 0.061197916666666664 0.021875 0.03515625
0 0.871875 0.048177083333333336 0.01953125 0.0234375
0 0.04375 0.4661458333333333 0.0875 0.14192708333333334
0 0.846875 0.06380208333333333 0.025 0.03515625
0 0.86796875 0.07942708333333333 0.03203125 0.040364583333333336
0 0.853125 0.046875 0.01796875 0.018229166666666668
0 0.57265625 0.21354166666666666 0.08125 0.10546875
0 0.096875 0.37890625 0.13984375 0.13411458333333334
0 0.25 0.3932291666666667 0.18203125 0.20182291666666666
2 0.75625 0.3697916666666667 0.0375 0.07682291666666667
2 0.825 0.359375 0.034375 0.07421875
2 0.765625 0.17447916666666666 0.01953125 0.0390625
2 0.7765625 0.14192708333333334 0.01328125 0.032552083333333336
2 0.8234375 0.08723958333333333 0.01015625 0.0234375