2 0.303125 0.6302083333333334 0.04140625 0.16145833333333334
2 0.5640625 0.74609375 0.06171875 0.1484375
2 0.6109375 0.3919270833333333 0.03828125 0.09114583333333333
2 0.659375 0.8255208333333334 0.05703125 0.21614583333333334
2 0.71875 0.7161458333333334 0.06171875 0.20182291666666666
2 0.76171875 0.9309895833333334 0.06640625 0.13541666666666666
2 0.66796875 0.6458333333333334 0.04921875 0.16666666666666666
2 0.08515625 0.3697916666666667 0.0296875 0.08463541666666667
2 0.8671875 0.8307291666666666 0.05546875 0.171875
2 0.78828125 0.7591145833333334 0.05859375 0.19661458333333334
2 0.47890625 0.3515625 0.034375 0.11067708333333333
2 0.23203125 0.41015625 0.0265625 0.09244791666666667
2 0.83828125 0.9270833333333334 0.0671875 0.14583333333333334
2 0.81953125 0.203125 0.01875 0.059895833333333336
2 0.74375 0.3997395833333333 0.03046875 0.06770833333333333
2 0.84375 0.3776041666666667 0.03125 0.11067708333333333
2 0.846875 0.18098958333333334 0.015625 0.037760416666666664
2 0.50703125 0.4518229166666667 0.03515625 0.07552083333333333
2 0.56640625 0.4166666666666667 0.040625 0.07291666666666667
2 0.74609375 0.5234375 0.0453125 0.08333333333333333
2 0.74609375 0.53125 0.04765625 0.09765625
2 0.7796875 0.5963541666666666 0.046875 0.09244791666666667
2 0.790625 0.10286458333333333 0.01015625 0.028645833333333332
2 0.83671875 0.3450520833333333 0.01640625 0.053385416666666664
2 0.85546875 0.2109375 0.01875 0.037760416666666664
2 0.12734375 0.53515625 0.03515625 0.13541666666666666
2 0.54921875 0.484375 0.03828125 0.08854166666666667
2 0.79921875 0.46484375 0.0375 0.07682291666666667
2 0.8140625 0.22135416666666666 0.02109375 0.040364583333333336
2 0.81875 0.4010416666666667 0.02890625 0.06510416666666667
2 0.54140625 0.5846354166666666 0.046875 0.09505208333333333
1 0.30859375 0.6783854166666666 0.07109375 0.16276041666666666
1 0.23046875 0.4388020833333333 0.07578125 0.10416666666666667
1 0.853125 0.24609375 0.01953125 0.055989583333333336
1 0.65703125 0.90234375 0.06015625 0.19010416666666666
1 0.7859375 0.8138020833333334 0.06796875 0.19401041666666666
1 0.88515625 0.1796875 0.0140625 0.037760416666666664
1 0.5421875 0.6614583333333334 0.04765625 0.11458333333333333
1 0.62109375 0.7473958333333334 0.05078125 0.14192708333333334
1 0.66484375 0.6927083333333334 0.04375 0.109375
1 0.790625 0.12239583333333333 0.01328125 0.036458333333333336
1 0.115625 0.5768229166666666 0.12578125 0.14453125
1 0.5078125 0.5208333333333334 0.0421875 0.12890625
1 0.71796875 0.78515625 0.06015625 0.17447916666666666
1 0.84296875 0.4114583333333333 0.02890625 0.08463541666666667
1 0.78984375 0.22395833333333334 0.01640625 0.045572916666666664
1 0.84140625 0.953125 0.109375 0.09114583333333333
1 0.60546875 0.4466145833333333 0.02890625 0.09244791666666667
1 0.79765625 0.5286458333333334 0.04375 0.11979166666666667
1 0.77890625 0.6666666666666666 0.046875 0.1171875
1 0.57109375 0.4778645833333333 0.03828125 0.1015625
1 0.84375 0.2109375 0.01640625 0.045572916666666664
1 0.81015625 0.25390625 0.02578125 0.049479166666666664
1 0.54921875 0.5390625 0.0453125 0.10286458333333333
1 0.0671875 0.4010416666666667 0.03125 0.06640625
1 0.56171875 0.7916666666666666 0.06015625 0.061197916666666664
1 0.81640625 0.4466145833333333 0.0328125 0.06380208333333333
1 0.70234375 0.22786458333333334 0.02109375 0.041666666666666664
1 0.7859375 0.2591145833333333 0.01953125 0.028645833333333332
1 0.87109375 0.9049479166666666 0.08203125 0.18359375
2 0.8859375 0.15364583333333334 0.01328125 0.03515625
1 0.88359375 0.140625 0.01171875 0.028645833333333332
1 0.73359375 0.6119791666666666 0.02890625 0.10677083333333333
1 0.74609375 0.4908854166666667 0.03515625 0.06770833333333333
1 0.47578125 0.3880208333333333 0.0453125 0.09505208333333333
0 0.1828125 0.3880208333333333 0.2046875 0.19010416666666666
0 0.6921875 0.3033854166666667 0.1015625 0.12630208333333334
0 0.4203125 0.7369791666666666 0.1578125 0.421875
0 0.42265625 0.28515625 0.13203125 0.140625
0 0.659375 0.4869791666666667 0.12734375 0.203125
0 0.78046875 0.3502604166666667 0.08359375 0.15234375
0 0.578125 0.25390625 0.08359375 0.09375
0 0.825 0.13020833333333334 0.04140625 0.055989583333333336
0 0.559375 0.375 0.10390625 0.17708333333333334
0 0.55546875 0.8971354166666666 0.225 0.203125
0 0.51875 0.22395833333333334 0.08515625 0.10807291666666667
0 0.89609375 0.06380208333333333 0.02421875 0.028645833333333332
0 0.725 0.15885416666666666 0.059375 0.0859375
0 0.8625 0.10546875 0.03203125 0.049479166666666664
0 0.65078125 0.19661458333333334 0.0703125 0.10546875
0 0.05078125 0.5143229166666666 0.1015625 0.16536458333333334
0 0.58984375 0.17057291666666666 0.06953125 0.07161458333333333
0 0.85390625 0.08463541666666667 0.02890625 0.040364583333333336
0 0.86796875 0.048177083333333336 0.02265625 0.029947916666666668
0 0.8828125 0.3216145833333333 0.04296875 0.109375
0 0.74296875 0.08854166666666667 0.02578125 0.03515625
0 0.83671875 0.057291666666666664 0.021875 0.028645833333333332
0 0.759375 0.10286458333333333 0.03359375 0.05078125
0 0.76875 0.078125 0.025 0.03125
0 0.8078125 0.0625 0.01796875 0.03125
0 0.7828125 0.07552083333333333 0.0203125 0.033854166666666664
2 0.884375 0.12239583333333333 0.01171875 0.022135416666666668
2 0.79140625 0.24739583333333334 0.01484375 0.033854166666666664
2 0.790625 0.19661458333333334 0.01640625 0.041666666666666664
2 0.70390625 0.20703125 0.02265625 0.045572916666666664
2 0.62421875 0.65625 0.05703125 0.11979166666666667
1 0.82421875 0.21744791666666666 0.0171875 0.04296875
2 0.7515625 0.4427083333333333 0.0328125 0.0859375