2 0.8359375 0.8216145833333334 0.05859375 0.19401041666666666
2 0.8609375 0.32421875 0.0234375 0.10286458333333333
2 0.75078125 0.4544270833333333 0.03828125 0.1171875
2 0.81171875 0.3229166666666667 0.02890625 0.09114583333333333
2 0.8828125 0.10416666666666667 0.0109375 0.02734375
2 0.7234375 0.8216145833333334 0.05546875 0.20572916666666666
2 0.8375 0.23046875 0.01796875 0.041666666666666664
2 0.8140625 0.16796875 0.01171875 0.03125
2 0.775 0.3763020833333333 0.03203125 0.06510416666666667
2 0.8859375 0.18098958333333334 0.01484375 0.036458333333333336
2 0.85078125 0.2578125 0.02109375 0.06380208333333333
1 0.75 0.5013020833333334 0.03984375 0.13020833333333334
1 0.72578125 0.89453125 0.0765625 0.20703125
1 0.809375 0.3567708333333333 0.02890625 0.08333333333333333
1 0.78046875 0.2942708333333333 0.0234375 0.07552083333333333
1 0.84921875 0.2864583333333333 0.02109375 0.0703125
1 0.7734375 0.4296875 0.0375 0.09765625
1 0.834375 0.2682291666666667 0.01796875 0.061197916666666664
1 0.83046875 0.8984375 0.06796875 0.19791666666666666
1 0.88671875 0.2109375 0.015625 0.045572916666666664
1 0.80859375 0.19401041666666666 0.01640625 0.053385416666666664
0 0.6359375 0.4127604166666667 0.1234375 0.203125
0 0.19765625 0.4466145833333333 0.209375 0.19921875
0 0.41875 0.3138020833333333 0.12890625 0.15234375
0 0.04921875 0.40625 0.0984375 0.14583333333333334
0 0.2140625 0.359375 0.15546875 0.11328125
0 0.671875 0.19401041666666666 0.0703125 0.09114583333333333
0 0.590625 0.24479166666666666 0.09296875 0.109375
0 0.81875 0.10026041666666667 0.03359375 0.04296875
0 0.8796875 0.15104166666666666 0.04375 0.06640625
0 0.4625 0.23567708333333334 0.1 0.09505208333333333
0 0.5734375 0.19791666666666666 0.07578125 0.08854166666666667
0 0.82890625 0.13802083333333334 0.040625 0.052083333333333336
0 0.7703125 0.12109375 0.04609375 0.041666666666666664
0 0.83515625 0.20963541666666666 0.05546875 0.09114583333333333
0 0.8671875 0.05078125 0.01953125 0.032552083333333336
0 0.6984375 0.15234375 0.05546875 0.06510416666666667
0 0.70859375 0.11979166666666667 0.04609375 0.055989583333333336
0 0.784375 0.07421875 0.025 0.03515625
0 0.62265625 0.15885416666666666 0.05 0.06901041666666667
0 0.7515625 0.07291666666666667 0.04453125 0.053385416666666664
0 0.8296875 0.057291666666666664 0.02578125 0.029947916666666668
0 0.80859375 0.059895833333333336 0.01796875 0.028645833333333332
0 0.76484375 0.16536458333333334 0.06015625 0.07421875
2 0.78125 0.2578125 0.0234375 0.052083333333333336