2 0.7265625 0.2981770833333333 0.03046875 0.10026041666666667
2 0.53359375 0.4661458333333333 0.03984375 0.14973958333333334
2 0.8109375 0.6080729166666666 0.0484375 0.11848958333333333
2 0.5609375 0.6536458333333334 0.05390625 0.19661458333333334
2 0.80234375 0.4453125 0.03828125 0.14453125
2 0.39140625 0.4427083333333333 0.034375 0.11067708333333333
2 0.096875 0.3776041666666667 0.03046875 0.09765625
2 0.81484375 0.7408854166666666 0.05625 0.12369791666666667
2 0.36484375 0.2604166666666667 0.021875 0.078125
2 0.325 0.2864583333333333 0.01640625 0.08854166666666667
2 0.69609375 0.3203125 0.03046875 0.0625
2 0.846875 0.3828125 0.02578125 0.046875
2 0.02109375 0.39453125 0.02421875 0.045572916666666664
2 0.496875 0.17447916666666666 0.01015625 0.048177083333333336
2 0.31328125 0.2864583333333333 0.01640625 0.08203125
2 0.56328125 0.5885416666666666 0.03984375 0.06510416666666667
2 0.878125 0.23567708333333334 0.01484375 0.032552083333333336
2 0.11171875 0.3684895833333333 0.02578125 0.09114583333333333
2 0.803125 0.40625 0.034375 0.06901041666666667
1 0.56171875 0.73046875 0.05546875 0.16796875
1 0.878125 0.2721354166666667 0.01796875 0.06510416666666667
1 0.390625 0.4765625 0.0703125 0.11458333333333333
1 0.74921875 0.6393229166666666 0.0515625 0.16276041666666666
1 0.53046875 0.5065104166666666 0.04296875 0.13151041666666666
1 0.80234375 0.4921875 0.0390625 0.11848958333333333
1 0.8453125 0.4388020833333333 0.03203125 0.11067708333333333
1 0.6953125 0.3619791666666667 0.03515625 0.08072916666666667
1 0.80859375 0.8424479166666666 0.06484375 0.20052083333333334
1 0.68828125 0.2708333333333333 0.02578125 0.06510416666666667
1 0.70546875 0.7630208333333334 0.05390625 0.18229166666666666
1 0.08203125 0.4075520833333333 0.0359375 0.07161458333333333
1 0.8140625 0.6744791666666666 0.0515625 0.1171875
1 0.31796875 0.3020833333333333 0.03125 0.059895833333333336
1 0.36484375 0.28125 0.03828125 0.06901041666666667
1 0.4953125 0.20703125 0.0234375 0.045572916666666664
0 0.6453125 0.4817708333333333 0.12265625 0.20442708333333334
0 0.15078125 0.5872395833333334 0.29609375 0.27734375
0 0.47109375 0.3372395833333333 0.14375 0.1640625
0 0.57109375 0.2578125 0.0921875 0.11588541666666667
0 0.80390625 0.31640625 0.08203125 0.16145833333333334
0 0.24609375 0.4140625 0.228125 0.16796875
0 0.4484375 0.2578125 0.10078125 0.1015625
0 0.64765625 0.20833333333333334 0.07421875 0.09635416666666667
0 0.83828125 0.20182291666666666 0.05078125 0.09765625
0 0.5390625 0.19661458333333334 0.07734375 0.08854166666666667
0 0.7484375 0.078125 0.034375 0.040364583333333336
0 0.75078125 0.17578125 0.0609375 0.08463541666666667
0 0.0296875 0.5234375 0.059375 0.19270833333333334
0 0.87890625 0.16666666666666666 0.04296875 0.078125
0 0.80234375 0.13151041666666666 0.03984375 0.053385416666666664
0 0.63828125 0.16927083333333334 0.06640625 0.07552083333333333
0 0.19296875 0.3723958333333333 0.19375 0.1953125
0 0.83203125 0.109375 0.03359375 0.053385416666666664
0 0.71484375 0.15755208333333334 0.04453125 0.06380208333333333
0 0.77421875 0.11588541666666667 0.03515625 0.046875
0 0.8734375 0.05078125 0.01796875 0.026041666666666668
0 0.80703125 0.08984375 0.03203125 0.037760416666666664
0 0.84765625 0.059895833333333336 0.03203125 0.041666666666666664
0 0.7359375 0.12369791666666667 0.04765625 0.036458333333333336
0 0.66953125 0.13541666666666666 0.04921875 0.06510416666666667
0 0.896875 0.10026041666666667 0.02890625 0.046875
0 0.71015625 0.11197916666666667 0.05234375 0.059895833333333336
0 0.86875 0.9934895833333334 0.05234375 0.010416666666666666
0 0.8203125 0.07552083333333333 0.02578125 0.0234375
2 0.75234375 0.5520833333333334 0.0484375 0.11848958333333333
2 0.70546875 0.6549479166666666 0.0484375 0.11848958333333333
2 0.6890625 0.23046875 0.0265625 0.045572916666666664