2 0.8453125 0.9010416666666666 0.06640625 0.1953125
2 0.79296875 0.4869791666666667 0.0375 0.12239583333333333
2 0.853125 0.2721354166666667 0.02421875 0.07942708333333333
2 0.82265625 0.3333333333333333 0.0171875 0.1015625
2 0.8078125 0.7213541666666666 0.04765625 0.18098958333333334
2 0.81484375 0.2708333333333333 0.021875 0.052083333333333336
1 0.8859375 0.19921875 0.01328125 0.045572916666666664
2 0.82578125 0.20182291666666666 0.01640625 0.037760416666666664
2 0.81328125 0.7122395833333334 0.04453125 0.09765625
2 0.7703125 0.3190104166666667 0.025 0.1015625
2 0.78046875 0.31640625 0.01015625 0.08463541666666667
2 0.87578125 0.20833333333333334 0.0140625 0.02734375
1 0.7078125 0.5625 0.04375 0.13151041666666666
1 0.85234375 0.2994791666666667 0.02421875 0.06901041666666667
1 0.79140625 0.5286458333333334 0.04140625 0.12630208333333334
1 0.8171875 0.8059895833333334 0.06171875 0.13932291666666666
1 0.825 0.23046875 0.01796875 0.05859375
1 0.87421875 0.23567708333333334 0.02109375 0.061197916666666664
1 0.76953125 0.3463541666666667 0.03046875 0.09244791666666667
1 0.8109375 0.3098958333333333 0.02578125 0.08203125
1 0.8421875 0.9296875 0.096875 0.140625
1 0.90234375 0.16145833333333334 0.01171875 0.044270833333333336
0 0.27734375 0.4140625 0.1859375 0.18359375
0 0.6828125 0.3359375 0.10546875 0.15234375
0 0.490625 0.2760416666666667 0.1078125 0.13020833333333334
0 0.08828125 0.3919270833333333 0.17578125 0.15104166666666666
0 0.71328125 0.17057291666666666 0.06171875 0.07942708333333333
0 0.0296875 0.4921875 0.059375 0.16666666666666666
0 0.2828125 0.3333333333333333 0.14140625 0.10807291666666667
0 0.63671875 0.21614583333333334 0.07890625 0.09765625
0 0.79609375 0.14973958333333334 0.05625 0.06770833333333333
0 0.50625 0.2109375 0.09140625 0.08463541666666667
0 0.6875 0.9244791666666666 0.2046875 0.14973958333333334
0 0.84140625 0.08854166666666667 0.02890625 0.037760416666666664
0 0.609375 0.171875 0.0671875 0.07161458333333333
0 0.7953125 0.11588541666666667 0.04765625 0.048177083333333336
0 0.840625 0.13151041666666666 0.0359375 0.053385416666666664
0 0.8609375 0.16145833333333334 0.04296875 0.06901041666666667
0 0.8671875 0.049479166666666664 0.01953125 0.028645833333333332
0 0.89453125 0.11067708333333333 0.03125 0.046875
0 0.75234375 0.07161458333333333 0.04453125 0.0546875
0 0.72578125 0.13411458333333334 0.053125 0.059895833333333336
0 0.64921875 0.140625 0.04921875 0.055989583333333336
0 0.78515625 0.07291666666666667 0.025 0.03515625
0 0.83125 0.061197916666666664 0.02578125 0.033854166666666664
0 0.73359375 0.09635416666666667 0.03984375 0.026041666666666668
0 0.8078125 0.05859375 0.01953125 0.028645833333333332
2 0.90234375 0.13932291666666666 0.01328125 0.033854166666666664
2 0.8859375 0.17447916666666666 0.0140625 0.044270833333333336
2 0.7078125 0.4947916666666667 0.04375 0.1171875