2 0.8203125 0.6940104166666666 0.0640625 0.19010416666666666
2 0.471875 0.4036458333333333 0.03046875 0.10416666666666667
2 0.128125 0.578125 0.04296875 0.15885416666666666
2 0.2890625 0.5 0.04609375 0.15234375
2 0.28203125 0.42578125 0.03203125 0.08463541666666667
2 0.8125 0.4700520833333333 0.03515625 0.125
2 0.7359375 0.4088541666666667 0.0359375 0.109375
2 0.63515625 0.3059895833333333 0.02421875 0.08203125
2 0.5640625 0.36328125 0.03046875 0.09895833333333333
2 0.790625 0.390625 0.03359375 0.10286458333333333
2 0.82421875 0.3307291666666667 0.02421875 0.09114583333333333
2 0.7 0.24088541666666666 0.02265625 0.07291666666666667
2 0.5890625 0.296875 0.0265625 0.08333333333333333
2 0.87421875 0.15625 0.0125 0.029947916666666668
2 0.78671875 0.3658854166666667 0.021875 0.053385416666666664
2 0.74921875 0.13541666666666666 0.01015625 0.024739583333333332
1 0.7 0.265625 0.02734375 0.07161458333333333
1 0.4765625 0.4466145833333333 0.05234375 0.09895833333333333
1 0.29375 0.5416666666666666 0.07421875 0.13020833333333334
1 0.565625 0.39453125 0.040625 0.09505208333333333
1 0.8203125 0.7747395833333334 0.06328125 0.18489583333333334
1 0.63515625 0.3359375 0.02890625 0.078125
1 0.81328125 0.5169270833333334 0.03828125 0.1171875
1 0.76640625 0.1484375 0.01328125 0.037760416666666664
1 0.1296875 0.6328125 0.11953125 0.13151041666666666
1 0.7875 0.4388020833333333 0.02890625 0.09765625
1 0.83984375 0.21223958333333334 0.02109375 0.049479166666666664
1 0.8234375 0.3619791666666667 0.025 0.08072916666666667
1 0.75 0.15885416666666666 0.01484375 0.036458333333333336
1 0.896875 0.14583333333333334 0.01171875 0.03125
1 0.875 0.18098958333333334 0.01484375 0.048177083333333336
1 0.88984375 0.20052083333333334 0.01484375 0.040364583333333336
1 0.73046875 0.4427083333333333 0.0328125 0.07942708333333333
1 0.58671875 0.3216145833333333 0.034375 0.07421875
2 0.896875 0.12239583333333333 0.01171875 0.0234375
0 0.6703125 0.5807291666666666 0.14453125 0.2890625
0 0.109375 0.5494791666666666 0.21875 0.24869791666666666
0 0.37578125 0.3658854166666667 0.16796875 0.19401041666666666
0 0.265625 0.3450520833333333 0.15546875 0.15885416666666666
0 0.78828125 0.26953125 0.075 0.13671875
0 0.39453125 0.2552083333333333 0.09453125 0.09505208333333333
0 0.5046875 0.24479166666666666 0.096875 0.11067708333333333
0 0.646875 0.21875 0.078125 0.1015625
0 0.553125 0.26953125 0.10390625 0.125
0 0.85703125 0.1328125 0.03671875 0.057291666666666664
0 0.71484375 0.18098958333333334 0.05703125 0.07942708333333333
0 0.05234375 0.3671875 0.1046875 0.05078125
0 0.06484375 0.46484375 0.12890625 0.20833333333333334
0 0.82578125 0.10546875 0.03828125 0.057291666666666664
0 0.60859375 0.18619791666666666 0.07734375 0.09505208333333333
0 0.90234375 0.07161458333333333 0.01796875 0.029947916666666668
0 0.703125 0.13151041666666666 0.04765625 0.037760416666666664
0 0.5078125 0.1875 0.046875 0.04296875
0 0.8453125 0.055989583333333336 0.02109375 0.03125
0 0.721875 0.11979166666666667 0.02890625 0.036458333333333336
0 0.76875 0.08072916666666667 0.02578125 0.0234375
0 0.77109375 0.11588541666666667 0.04375 0.053385416666666664
0 0.6703125 0.16015625 0.05078125 0.059895833333333336
0 0.884375 0.0625 0.0265625 0.032552083333333336
0 0.81328125 0.08854166666666667 0.021875 0.03515625
0 0.73828125 0.09244791666666667 0.0375 0.032552083333333336
0 0.8328125 0.06770833333333333 0.021875 0.020833333333333332
0 0.8078125 0.059895833333333336 0.03125 0.02734375
0 0.790625 0.09765625 0.0296875 0.049479166666666664
0 0.88125 0.044270833333333336 0.02421875 0.016927083333333332
0 0.75546875 0.10677083333333333 0.04140625 0.04296875
0 0.68515625 0.11067708333333333 0.03671875 0.033854166666666664
2 0.7671875 0.13020833333333334 0.01328125 0.03515625
0 0.878125 0.09114583333333333 0.028125 0.041666666666666664
2 0.88984375 0.171875 0.015625 0.036458333333333336
2 0.83984375 0.18098958333333334 0.021875 0.041666666666666664