2 0.6578125 0.2604166666666667 0.03046875 0.057291666666666664
1 0.0265625 0.4830729166666667 0.0515625 0.08072916666666667
2 0.01328125 0.453125 0.0265625 0.11979166666666667
2 0.71484375 0.2747395833333333 0.02578125 0.07682291666666667
2 0.73828125 0.15234375 0.0125 0.040364583333333336
2 0.86328125 0.18359375 0.015625 0.040364583333333336
2 0.5515625 0.2265625 0.0109375 0.040364583333333336
2 0.540625 0.23046875 0.02109375 0.041666666666666664
1 0.71328125 0.3020833333333333 0.02890625 0.07682291666666667
1 0.8625 0.20833333333333334 0.0171875 0.052083333333333336
1 0.6953125 0.23307291666666666 0.021875 0.055989583333333336
1 0.54375 0.265625 0.0296875 0.059895833333333336
1 0.73671875 0.18359375 0.015625 0.055989583333333336
1 0.896875 0.16015625 0.0140625 0.032552083333333336
0 0.178125 0.52734375 0.2546875 0.2421875
0 0.82890625 0.23828125 0.05859375 0.09765625
0 0.5296875 0.3763020833333333 0.15859375 0.1875
0 0.065625 0.4075520833333333 0.13125 0.13932291666666666
0 0.73671875 0.12109375 0.03984375 0.057291666666666664
0 0.834375 0.1171875 0.03828125 0.055989583333333336
0 0.5984375 0.2721354166666667 0.07890625 0.11067708333333333
0 0.64296875 0.17578125 0.0734375 0.0859375
0 0.3 0.3125 0.14140625 0.1171875
0 0.7828125 0.109375 0.03828125 0.053385416666666664
0 0.69453125 0.13802083333333334 0.053125 0.07421875
0 0.76796875 0.07552083333333333 0.028125 0.033854166666666664
0 0.5640625 0.20833333333333334 0.0828125 0.09765625
0 0.22265625 0.40625 0.19296875 0.1328125
0 0.5953125 0.15885416666666666 0.05859375 0.057291666666666664
0 0.4390625 0.32421875 0.13671875 0.18229166666666666
0 0.85234375 0.052083333333333336 0.01953125 0.029947916666666668
0 0.80625 0.09114583333333333 0.03515625 0.049479166666666664
0 0.871875 0.049479166666666664 0.01953125 0.02734375
0 0.8296875 0.078125 0.02734375 0.03515625
2 0.69453125 0.20052083333333334 0.02109375 0.0390625
1 0.65859375 0.30859375 0.03203125 0.08072916666666667
2 0.896875 0.1328125 0.01171875 0.028645833333333332
1 0.88203125 0.11067708333333333 0.01015625 0.026041666666666668
2 0.88203125 0.08984375 0.009375 0.016927083333333332
1 0.86796875 0.09375 0.00859375 0.024739583333333332
2 0.86796875 0.07942708333333333 0.009375 0.01953125