2 0.56015625 0.6028645833333334 0.05 0.18098958333333334
2 0.553125 0.4375 0.03515625 0.13671875
2 0.40078125 0.4375 0.0375 0.11067708333333333
2 0.80625 0.4283854166666667 0.0375 0.13802083333333334
2 0.70625 0.23958333333333334 0.0203125 0.07291666666666667
2 0.7078125 0.328125 0.034375 0.09505208333333333
2 0.33203125 0.2825520833333333 0.01875 0.08723958333333333
2 0.8796875 0.24739583333333334 0.01796875 0.06901041666666667
2 0.11171875 0.37109375 0.040625 0.1015625
2 0.80390625 0.6940104166666666 0.053125 0.109375
2 0.85 0.3697916666666667 0.02421875 0.044270833333333336
2 0.3203125 0.2838541666666667 0.01953125 0.08203125
2 0.12421875 0.34375 0.01640625 0.046875
2 0.815625 0.5638020833333334 0.0390625 0.09244791666666667
2 0.7234375 0.2942708333333333 0.02265625 0.10416666666666667
2 0.5046875 0.17708333333333334 0.01328125 0.044270833333333336
2 0.0296875 0.39453125 0.01953125 0.046875
2 0.70703125 0.6432291666666666 0.05078125 0.14973958333333334
2 0.36875 0.2552083333333333 0.01796875 0.078125
1 0.56015625 0.6744791666666666 0.04921875 0.15364583333333334
1 0.75 0.6015625 0.04921875 0.1484375
1 0.4015625 0.47265625 0.06875 0.10677083333333333
1 0.70546875 0.7161458333333334 0.05234375 0.171875
1 0.54921875 0.4739583333333333 0.04140625 0.12109375
1 0.80546875 0.47265625 0.03671875 0.11588541666666667
1 0.84921875 0.4231770833333333 0.03125 0.10416666666666667
1 0.88125 0.2669270833333333 0.0234375 0.06640625
1 0.70546875 0.3528645833333333 0.03203125 0.078125
1 0.79921875 0.7864583333333334 0.05625 0.19921875
1 0.70625 0.2604166666666667 0.02421875 0.059895833333333336
1 0.09609375 0.40625 0.03359375 0.07161458333333333
1 0.81328125 0.640625 0.0484375 0.10807291666666667
1 0.36953125 0.2864583333333333 0.03515625 0.06510416666666667
1 0.50234375 0.20442708333333334 0.01875 0.04296875
1 0.32421875 0.2994791666666667 0.03359375 0.055989583333333336
1 0.01015625 0.3932291666666667 0.0203125 0.044270833333333336
1 0.053125 0.453125 0.03515625 0.061197916666666664
0 0.65703125 0.4557291666666667 0.11875 0.19661458333333334
0 0.16796875 0.5833333333333334 0.29453125 0.27734375
0 0.47421875 0.3346354166666667 0.14296875 0.16145833333333334
0 0.25078125 0.4088541666666667 0.22734375 0.16276041666666666
0 0.80703125 0.3072916666666667 0.08046875 0.15625
0 0.453125 0.24739583333333334 0.1 0.10026041666666667
0 0.83984375 0.19791666666666666 0.04921875 0.09895833333333333
0 0.64921875 0.20703125 0.07265625 0.09635416666666667
0 0.79765625 0.9440104166666666 0.20859375 0.11067708333333333
0 0.5421875 0.1953125 0.07734375 0.08854166666666667
0 0.7484375 0.07942708333333333 0.034375 0.041666666666666664
0 0.7546875 0.17317708333333334 0.06171875 0.0859375
0 0.571875 0.2578125 0.09140625 0.11458333333333333
0 0.03125 0.5260416666666666 0.0625 0.19140625
0 0.80546875 0.12890625 0.0390625 0.053385416666666664
0 0.88203125 0.1640625 0.04609375 0.07682291666666667
0 0.63984375 0.16927083333333334 0.06484375 0.07552083333333333
0 0.715625 0.15625 0.04453125 0.0625
0 0.2046875 0.3619791666666667 0.19453125 0.19401041666666666
0 0.834375 0.10807291666666667 0.03203125 0.053385416666666664
0 0.775 0.11197916666666667 0.03203125 0.037760416666666664
0 0.7125 0.11588541666666667 0.0484375 0.05859375
0 0.8734375 0.05078125 0.01796875 0.024739583333333332
0 0.66796875 0.13411458333333334 0.05 0.06510416666666667
0 0.73828125 0.12239583333333333 0.04609375 0.03515625
0 0.80859375 0.08854166666666667 0.03203125 0.036458333333333336
0 0.84609375 0.06380208333333333 0.03125 0.04296875
0 0.89453125 0.09895833333333333 0.025 0.044270833333333336
0 0.0296875 0.4739583333333333 0.05859375 0.08203125
0 0.715625 0.1015625 0.04140625 0.029947916666666668
0 0.8203125 0.07291666666666667 0.02421875 0.0234375
0 0.7859375 0.09114583333333333 0.02265625 0.022135416666666668
2 0.75078125 0.5481770833333334 0.05078125 0.14973958333333334