2 0.3078125 0.4088541666666667 0.0359375 0.11979166666666667
2 0.22578125 0.5078125 0.03984375 0.13671875
2 0.48046875 0.18359375 0.01875 0.06901041666666667
2 0.80234375 0.8125 0.065625 0.20182291666666666
2 0.546875 0.15104166666666666 0.01328125 0.018229166666666668
2 0.0328125 0.5807291666666666 0.05234375 0.14583333333333334
2 0.87421875 0.16666666666666666 0.01328125 0.032552083333333336
2 0.7984375 0.734375 0.04453125 0.10416666666666667
2 0.2921875 0.2708333333333333 0.01328125 0.037760416666666664
2 0.7921875 0.4934895833333333 0.03359375 0.0859375
2 0.796875 0.4700520833333333 0.02109375 0.041666666666666664
2 0.77734375 0.15104166666666666 0.01484375 0.032552083333333336
2 0.89140625 0.18098958333333334 0.0109375 0.02734375
1 0.80234375 0.88671875 0.06640625 0.18098958333333334
1 0.30703125 0.4440104166666667 0.07109375 0.10416666666666667
1 0.22109375 0.5494791666666666 0.09453125 0.12369791666666667
1 0.77734375 0.6888020833333334 0.04609375 0.14583333333333334
1 0.04609375 0.6119791666666666 0.0921875 0.11979166666666667
1 0.4796875 0.20052083333333334 0.0234375 0.053385416666666664
1 0.8734375 0.19661458333333334 0.01640625 0.044270833333333336
1 0.2953125 0.3151041666666667 0.0390625 0.0703125
1 0.7953125 0.5598958333333334 0.040625 0.109375
0 0.65234375 0.4674479166666667 0.13125 0.23307291666666666
0 0.228125 0.3541666666666667 0.1359375 0.14583333333333334
0 0.44453125 0.3489583333333333 0.1546875 0.18229166666666666
0 0.6609375 0.8463541666666666 0.21328125 0.3059895833333333
0 0.70703125 0.26171875 0.075 0.10416666666666667
0 0.41171875 0.2643229166666667 0.11171875 0.10807291666666667
0 0.79296875 0.2890625 0.07421875 0.12109375
0 0.53359375 0.203125 0.08515625 0.09375
0 0.1078125 0.4700520833333333 0.215625 0.20052083333333334
0 0.5734375 0.2799479166666667 0.09765625 0.1171875
0 0.83828125 0.2109375 0.05390625 0.09505208333333333
0 0.61640625 0.22135416666666666 0.07265625 0.09505208333333333
0 0.675 0.1875 0.05703125 0.07421875
0 0.04609375 0.4348958333333333 0.0921875 0.125
0 0.67109375 0.14453125 0.05078125 0.053385416666666664
0 0.8265625 0.061197916666666664 0.025 0.033854166666666664
0 0.77109375 0.12890625 0.05234375 0.0625
0 0.74375 0.10286458333333333 0.0390625 0.032552083333333336
0 0.8984375 0.10416666666666667 0.02578125 0.045572916666666664
0 0.89609375 0.040364583333333336 0.021875 0.018229166666666668
0 0.78515625 0.06640625 0.03046875 0.03125
0 0.8578125 0.055989583333333336 0.02890625 0.02734375
0 0.8921875 0.06770833333333333 0.01953125 0.032552083333333336
0 0.86796875 0.07942708333333333 0.02265625 0.044270833333333336
0 0.86953125 0.048177083333333336 0.0171875 0.020833333333333332
0 0.75390625 0.0859375 0.028125 0.022135416666666668
0 0.7 0.11067708333333333 0.046875 0.041666666666666664
2 0.77734375 0.5911458333333334 0.03125 0.08463541666666667
0 0.6140625 0.16927083333333334 0.07265625 0.07682291666666667
0 0.803125 0.10286458333333333 0.01875 0.032552083333333336
0 0.78359375 0.10026041666666667 0.02734375 0.04296875
0 0.82890625 0.10807291666666667 0.0375 0.0546875
0 0.8484375 0.08723958333333333 0.02265625 0.041666666666666664
0 0.86484375 0.13151041666666666 0.0421875 0.0625
1 0.88828125 0.21484375 0.01796875 0.0390625
0 0.77265625 0.07682291666666667 0.02734375 0.024739583333333332
0 0.72421875 0.15234375 0.05546875 0.07291666666666667
1 0.77734375 0.18098958333333334 0.0203125 0.041666666666666664
2 0.7171875 0.18229166666666666 0.01328125 0.033854166666666664
1 0.7171875 0.20442708333333334 0.01953125 0.022135416666666668