2 0.53203125 0.6419270833333334 0.06015625 0.18489583333333334
2 0.03515625 0.4088541666666667 0.02734375 0.12760416666666666
2 0.74765625 0.4010416666666667 0.03359375 0.11979166666666667
2 0.778125 0.6315104166666666 0.053125 0.16796875
2 0.725 0.3359375 0.03125 0.06380208333333333
2 0.05625 0.390625 0.02421875 0.10807291666666667
2 0.8 0.7005208333333334 0.02890625 0.1640625
2 0.8234375 0.7018229166666666 0.05078125 0.13020833333333334
2 0.83515625 0.4166666666666667 0.03125 0.09505208333333333
2 0.85234375 0.33984375 0.028125 0.059895833333333336
2 0.66171875 0.3528645833333333 0.02890625 0.08854166666666667
1 0.53046875 0.7005208333333334 0.05390625 0.15885416666666666
1 0.6609375 0.390625 0.03046875 0.1015625
1 0.82109375 0.79296875 0.06015625 0.18489583333333334
1 0.74765625 0.4375 0.03359375 0.10416666666666667
1 0.725 0.38671875 0.03125 0.10677083333333333
1 0.8015625 0.5455729166666666 0.0390625 0.109375
1 0.8515625 0.3802083333333333 0.02890625 0.08854166666666667
1 0.775 0.6966145833333334 0.04140625 0.16276041666666666
1 0.83203125 0.4505208333333333 0.03359375 0.09114583333333333
1 0.04296875 0.4296875 0.08046875 0.08463541666666667
0 0.45625 0.5690104166666666 0.16171875 0.2591145833333333
0 0.6671875 0.6263020833333334 0.13359375 0.2669270833333333
0 0.75703125 0.875 0.22265625 0.24739583333333334
0 0.1265625 0.4791666666666667 0.2109375 0.20052083333333334
0 0.17109375 0.3854166666666667 0.20078125 0.13932291666666666
0 0.54375 0.3033854166666667 0.09921875 0.12760416666666666
0 0.79296875 0.29296875 0.08203125 0.13932291666666666
0 0.8828125 0.24479166666666666 0.05390625 0.1328125
0 0.74140625 0.23567708333333334 0.06640625 0.09114583333333333
0 0.415625 0.36328125 0.153125 0.20442708333333334
0 0.83671875 0.1953125 0.05 0.08333333333333333
0 0.64765625 0.22786458333333334 0.0875 0.10807291666666667
0 0.32734375 0.3020833333333333 0.14375 0.14583333333333334
0 0.584375 0.21614583333333334 0.07578125 0.09895833333333333
0 0.84921875 0.12630208333333334 0.03359375 0.055989583333333336
0 0.45 0.22265625 0.09765625 0.07682291666666667
0 0.55625 0.18098958333333334 0.06484375 0.06510416666666667
0 0.6125 0.14973958333333334 0.04296875 0.046875
0 0.50703125 0.25390625 0.090625 0.10286458333333333
0 0.89921875 0.12760416666666666 0.02421875 0.06901041666666667
0 0.359375 0.3307291666666667 0.11875 0.15104166666666666
0 0.7265625 0.1875 0.078125 0.09114583333333333
0 0.89765625 0.041666666666666664 0.02421875 0.02734375
0 0.8640625 0.08463541666666667 0.03046875 0.04296875
0 0.8203125 0.14583333333333334 0.03671875 0.0703125
0 0.66171875 0.12369791666666667 0.04609375 0.04296875
0 0.65 0.16927083333333334 0.0625 0.061197916666666664
0 0.89765625 0.09635416666666667 0.02265625 0.045572916666666664
0 0.88828125 0.06901041666666667 0.0203125 0.033854166666666664
0 0.696875 0.10546875 0.0359375 0.029947916666666668
0 0.79296875 0.13020833333333334 0.03125 0.052083333333333336
0 0.76953125 0.140625 0.03671875 0.052083333333333336
0 0.7671875 0.10286458333333333 0.03515625 0.036458333333333336
0 0.7390625 0.09114583333333333 0.03203125 0.026041666666666668
0 0.840625 0.08072916666666667 0.0234375 0.040364583333333336
0 0.69453125 0.14453125 0.05390625 0.061197916666666664
0 0.8734375 0.0546875 0.02890625 0.02734375
0 0.7671875 0.08072916666666667 0.02890625 0.022135416666666668
0 0.7828125 0.059895833333333336 0.04296875 0.03125
0 0.8984375 0.10677083333333333 0.02265625 0.03515625
0 0.72890625 0.11979166666666667 0.05078125 0.04296875
0 0.74140625 0.14322916666666666 0.040625 0.041666666666666664
0 0.7953125 0.08854166666666667 0.0328125 0.036458333333333336
0 0.74765625 0.17317708333333334 0.04375 0.053385416666666664
0 0.81953125 0.08333333333333333 0.02109375 0.02734375
0 0.77265625 0.06901041666666667 0.0234375 0.022135416666666668
2 0.803125 0.4947916666666667 0.03984375 0.08333333333333333
1 0.78671875 0.20442708333333334 0.01796875 0.046875
2 0.78671875 0.16927083333333334 0.015625 0.040364583333333336