2 0.1359375 0.4947916666666667 0.0421875 0.14453125
2 0.2171875 0.3268229166666667 0.025 0.08723958333333333
2 0.4328125 0.23046875 0.0234375 0.08072916666666667
2 0.80078125 0.7682291666666666 0.04609375 0.18229166666666666
2 0.8890625 0.20703125 0.01484375 0.036458333333333336
2 0.81484375 0.8059895833333334 0.065625 0.203125
2 0.79765625 0.15494791666666666 0.01328125 0.033854166666666664
2 0.64765625 0.24348958333333334 0.0171875 0.046875
2 0.55234375 0.15494791666666666 0.0125 0.02734375
2 0.7203125 0.19661458333333334 0.01953125 0.036458333333333336
2 0.47578125 0.18880208333333334 0.01640625 0.041666666666666664
2 0.80546875 0.06510416666666667 0.00625 0.01953125
1 0.8140625 0.8841145833333334 0.07421875 0.1953125
1 0.85703125 0.296875 0.025 0.07161458333333333
1 0.13359375 0.5338541666666666 0.09609375 0.12369791666666667
1 0.4734375 0.22005208333333334 0.02734375 0.061197916666666664
1 0.43203125 0.25 0.02578125 0.05859375
1 0.88671875 0.24348958333333334 0.02109375 0.06380208333333333
1 0.79921875 0.18619791666666666 0.01875 0.041666666666666664
1 0.8640625 0.16666666666666666 0.01328125 0.040364583333333336
1 0.225 0.3515625 0.0453125 0.06510416666666667
1 0.71953125 0.22395833333333334 0.02265625 0.05859375
0 0.565625 0.7799479166666666 0.1640625 0.4388020833333333
0 0.72578125 0.39453125 0.10234375 0.16536458333333334
0 0.13828125 0.3880208333333333 0.1546875 0.1484375
0 0.384375 0.3841145833333333 0.1765625 0.19661458333333334
0 0.0453125 0.4947916666666667 0.090625 0.18880208333333334
0 0.79609375 0.2721354166666667 0.0734375 0.125
0 0.5671875 0.2825520833333333 0.09921875 0.1171875
0 0.36640625 0.2864583333333333 0.12265625 0.11067708333333333
0 0.52109375 0.20963541666666666 0.08671875 0.09375
0 0.6578125 0.1953125 0.06015625 0.08333333333333333
0 0.8828125 0.13671875 0.03671875 0.061197916666666664
0 0.603125 0.17317708333333334 0.07265625 0.08072916666666667
0 0.82890625 0.18489583333333334 0.05625 0.0859375
0 0.66015625 0.14453125 0.04921875 0.04296875
0 0.60703125 0.22395833333333334 0.07265625 0.08984375
0 0.6359375 0.33984375 0.09609375 0.13802083333333334
0 0.7109375 0.1640625 0.05625 0.08203125
0 0.73671875 0.10807291666666667 0.03828125 0.040364583333333336
0 0.75625 0.13671875 0.0484375 0.06901041666666667
0 0.68984375 0.11848958333333333 0.0484375 0.046875
0 0.7734375 0.11458333333333333 0.03515625 0.049479166666666664
0 0.771875 0.07682291666666667 0.02734375 0.0234375
0 0.88828125 0.08984375 0.0265625 0.040364583333333336
0 0.89296875 0.044270833333333336 0.01484375 0.026041666666666668
0 0.8515625 0.055989583333333336 0.02421875 0.026041666666666668
0 0.86953125 0.05078125 0.01640625 0.02734375
0 0.87265625 0.11328125 0.03515625 0.052083333333333336
0 0.82734375 0.052083333333333336 0.01953125 0.014322916666666666
0 0.834375 0.06770833333333333 0.028125 0.032552083333333336
0 0.79453125 0.109375 0.0203125 0.0390625
0 0.82265625 0.061197916666666664 0.03046875 0.033854166666666664
0 0.7546875 0.08854166666666667 0.02421875 0.022135416666666668
0 0.87734375 0.07291666666666667 0.02421875 0.029947916666666668
2 0.86484375 0.19791666666666666 0.0125 0.032552083333333336
2 0.8546875 0.22786458333333334 0.01484375 0.04296875
1 0.86484375 0.2265625 0.015625 0.029947916666666668
2 0.86015625 0.2526041666666667 0.0171875 0.045572916666666664
2 0.86328125 0.14192708333333334 0.01015625 0.0234375
0 0.82421875 0.11067708333333333 0.04375 0.052083333333333336
1 0.80390625 0.08333333333333333 0.009375 0.020833333333333332
0 0.784375 0.07161458333333333 0.03125 0.0390625
0 0.8578125 0.08333333333333333 0.02421875 0.041666666666666664
0 0.84453125 0.09244791666666667 0.028125 0.041666666666666664