2 0.78046875 0.4518229166666667 0.040625 0.13411458333333334
2 0.8390625 0.3723958333333333 0.03359375 0.1015625
2 0.628125 0.2513020833333333 0.02421875 0.08072916666666667
2 0.60234375 0.7903645833333334 0.06328125 0.17578125
2 0.675 0.6614583333333334 0.04765625 0.13151041666666666
2 0.8515625 0.2630208333333333 0.02421875 0.08072916666666667
2 0.58359375 0.2903645833333333 0.02109375 0.049479166666666664
2 0.746875 0.20963541666666666 0.01171875 0.061197916666666664
2 0.4046875 0.3919270833333333 0.03046875 0.10807291666666667
2 0.8046875 0.15625 0.009375 0.0546875
2 0.60703125 0.7109375 0.0453125 0.09505208333333333
2 0.71875 0.5026041666666666 0.01875 0.045572916666666664
2 0.8859375 0.14713541666666666 0.01328125 0.04296875
2 0.73671875 0.21744791666666666 0.01640625 0.07161458333333333
2 0.71015625 0.5598958333333334 0.04140625 0.13671875
1 0.6015625 0.8776041666666666 0.0640625 0.19010416666666666
1 0.67265625 0.7356770833333334 0.05234375 0.17708333333333334
1 0.13125 0.5677083333333334 0.10625 0.125
1 0.73828125 0.23567708333333334 0.02265625 0.05859375
1 0.778125 0.4973958333333333 0.04609375 0.11979166666666667
1 0.8375 0.4075520833333333 0.034375 0.10286458333333333
1 0.70625 0.6158854166666666 0.04921875 0.14322916666666666
1 0.7875 0.7278645833333334 0.05703125 0.08723958333333333
1 0.80078125 0.171875 0.015625 0.048177083333333336
1 0.88671875 0.16536458333333334 0.0140625 0.037760416666666664
1 0.85078125 0.2903645833333333 0.025 0.06901041666666667
1 0.7984375 0.6328125 0.0546875 0.08463541666666667
1 0.58046875 0.3450520833333333 0.03671875 0.08203125
1 0.403125 0.4244791666666667 0.0515625 0.1015625
1 0.62734375 0.27734375 0.028125 0.0703125
0 0.58828125 0.47265625 0.1328125 0.24088541666666666
0 0.7875 0.2994791666666667 0.08828125 0.14713541666666666
0 0.82734375 0.8802083333333334 0.24765625 0.23697916666666666
0 0.17421875 0.4596354166666667 0.20859375 0.20052083333333334
0 0.68203125 0.1875 0.0703125 0.09244791666666667
0 0.52734375 0.26171875 0.10390625 0.12630208333333334
0 0.3625 0.3450520833333333 0.1703125 0.17838541666666666
0 0.17890625 0.3723958333333333 0.1796875 0.15494791666666666
0 0.4234375 0.2682291666666667 0.1046875 0.07682291666666667
0 0.83671875 0.140625 0.0390625 0.055989583333333336
0 0.5921875 0.20182291666666666 0.07734375 0.10677083333333333
0 0.49375 0.22395833333333334 0.07734375 0.0859375
0 0.78203125 0.12369791666666667 0.0375 0.05859375
0 0.74140625 0.1484375 0.05859375 0.07161458333333333
0 0.9046875 0.08984375 0.01328125 0.059895833333333336
0 0.8625 0.11067708333333333 0.03125 0.048177083333333336
0 0.57265625 0.17447916666666666 0.06953125 0.06901041666666667
0 0.70859375 0.10677083333333333 0.03515625 0.046875
0 0.81796875 0.10807291666666667 0.034375 0.052083333333333336
0 0.634375 0.14192708333333334 0.05234375 0.059895833333333336
0 0.871875 0.048177083333333336 0.01796875 0.0234375
0 0.88046875 0.08203125 0.02890625 0.040364583333333336
0 0.83046875 0.06510416666666667 0.03125 0.032552083333333336
0 0.88671875 0.057291666666666664 0.03046875 0.0234375
0 0.84296875 0.09114583333333333 0.02265625 0.033854166666666664
0 0.8984375 0.046875 0.0234375 0.028645833333333332
0 0.83671875 0.08333333333333333 0.03203125 0.0390625
0 0.8046875 0.061197916666666664 0.02578125 0.032552083333333336
0 0.7203125 0.11979166666666667 0.040625 0.044270833333333336
2 0.78671875 0.66015625 0.040625 0.09114583333333333
2 0.79765625 0.5703125 0.040625 0.1015625
0 0.671875 0.15625 0.05390625 0.06901041666666667
2 0.15390625 0.5208333333333334 0.03515625 0.14973958333333334
2 0.13125 0.53125 0.03515625 0.15364583333333334