2 0.815625 0.4661458333333333 0.0421875 0.14192708333333334
2 0.0625 0.4440104166666667 0.025 0.13020833333333334
2 0.69375 0.2708333333333333 0.02578125 0.08333333333333333
2 0.63046875 0.17317708333333334 0.01640625 0.036458333333333336
2 0.85625 0.8697916666666666 0.06640625 0.22135416666666666
2 0.74765625 0.2825520833333333 0.02109375 0.08072916666666667
2 0.83828125 0.8268229166666666 0.04765625 0.19921875
2 0.5953125 0.18880208333333334 0.01640625 0.033854166666666664
2 0.65546875 0.234375 0.02109375 0.041666666666666664
2 0.77578125 0.21223958333333334 0.01640625 0.0390625
2 0.74453125 0.20572916666666666 0.01640625 0.036458333333333336
2 0.740625 0.2552083333333333 0.01171875 0.029947916666666668
2 0.8265625 0.4244791666666667 0.0203125 0.059895833333333336
2 0.86484375 0.3346354166666667 0.028125 0.08203125
2 0.884375 0.22786458333333334 0.02109375 0.06770833333333333
2 0.8265625 0.4583333333333333 0.02109375 0.12890625
2 0.796875 0.13020833333333334 0.01328125 0.033854166666666664
1 0.81484375 0.5143229166666666 0.04140625 0.12239583333333333
1 0.746875 0.3059895833333333 0.02265625 0.06901041666666667
1 0.775 0.24869791666666666 0.0203125 0.061197916666666664
1 0.8859375 0.2565104166666667 0.02265625 0.06770833333333333
1 0.796875 0.1484375 0.01484375 0.046875
1 0.8640625 0.36328125 0.02890625 0.09114583333333333
1 0.43125 0.9166666666666666 0.06640625 0.16145833333333334
1 0.71953125 0.3203125 0.02109375 0.06380208333333333
1 0.6921875 0.2942708333333333 0.0296875 0.07552083333333333
1 0.04296875 0.4635416666666667 0.03359375 0.10286458333333333
1 0.8578125 0.9244791666666666 0.07890625 0.1484375
1 0.74375 0.23567708333333334 0.01953125 0.048177083333333336
1 0.653125 0.2643229166666667 0.01875 0.044270833333333336
1 0.6296875 0.19791666666666666 0.01875 0.057291666666666664
0 0.59609375 0.7239583333333334 0.15625 0.3984375
0 0.69375 0.4557291666666667 0.11796875 0.203125
0 0.43984375 0.3541666666666667 0.15390625 0.16536458333333334
0 0.8 0.3255208333333333 0.08671875 0.1484375
0 0.83125 0.21744791666666666 0.0546875 0.08203125
0 0.815625 0.09765625 0.03359375 0.040364583333333336
0 0.16484375 0.4609375 0.2109375 0.24869791666666666
0 0.21171875 0.3528645833333333 0.171875 0.13151041666666666
0 0.6265625 0.3697916666666667 0.11953125 0.18359375
0 0.85625 0.1484375 0.03828125 0.06770833333333333
0 0.5671875 0.26953125 0.10859375 0.13411458333333334
0 0.659375 0.203125 0.075 0.10026041666666667
0 0.41171875 0.2747395833333333 0.13125 0.13671875
0 0.52890625 0.22395833333333334 0.08828125 0.10416666666666667
0 0.71640625 0.1640625 0.05546875 0.08463541666666667
0 0.6125 0.15104166666666666 0.08203125 0.10416666666666667
0 0.88984375 0.12239583333333333 0.02734375 0.053385416666666664
0 0.84453125 0.055989583333333336 0.02421875 0.029947916666666668
0 0.76171875 0.13802083333333334 0.04296875 0.06510416666666667
0 0.7515625 0.09635416666666667 0.0375 0.04296875
0 0.71171875 0.12890625 0.053125 0.0625
0 0.81171875 0.0625 0.025 0.032552083333333336
0 0.8625 0.078125 0.02890625 0.03125
0 0.8734375 0.06770833333333333 0.02109375 0.02734375
0 0.9046875 0.07161458333333333 0.0125 0.036458333333333336
0 0.7625 0.11067708333333333 0.03984375 0.033854166666666664
2 0.43125 0.8489583333333334 0.06640625 0.22135416666666666
2 0.71875 0.2708333333333333 0.0203125 0.046875