2 0.48125 0.7734375 0.05859375 0.19270833333333334
2 0.67265625 0.3450520833333333 0.03046875 0.1015625
2 0.88046875 0.24609375 0.01328125 0.052083333333333336
2 0.62265625 0.3893229166666667 0.03203125 0.10416666666666667
2 0.36875 0.2682291666666667 0.01875 0.07552083333333333
2 0.4765625 0.328125 0.02734375 0.11067708333333333
2 0.73984375 0.32421875 0.02265625 0.05078125
2 0.28359375 0.3541666666666667 0.03203125 0.10286458333333333
2 0.75 0.1953125 0.01171875 0.06770833333333333
2 0.634375 0.3802083333333333 0.01640625 0.10677083333333333
2 0.721875 0.28515625 0.03359375 0.07682291666666667
2 0.4890625 0.3216145833333333 0.0203125 0.09635416666666667
2 0.7421875 0.18229166666666666 0.0109375 0.029947916666666668
1 0.48203125 0.86328125 0.059375 0.17447916666666666
1 0.67109375 0.3802083333333333 0.03046875 0.08463541666666667
1 0.74921875 0.4934895833333333 0.03828125 0.1171875
1 0.47421875 0.3463541666666667 0.05078125 0.08463541666666667
1 0.74765625 0.21223958333333334 0.02109375 0.055989583333333336
1 0.71875 0.3255208333333333 0.03359375 0.08203125
1 0.36484375 0.29296875 0.03671875 0.06770833333333333
1 0.73828125 0.3723958333333333 0.02734375 0.09375
1 0.89296875 0.19661458333333334 0.0171875 0.053385416666666664
1 0.62109375 0.42578125 0.03828125 0.10286458333333333
1 0.3109375 0.3333333333333333 0.028125 0.0625
0 0.09140625 0.4583333333333333 0.1828125 0.19270833333333334
0 0.67421875 0.6067708333333334 0.13828125 0.3020833333333333
0 0.36875 0.3828125 0.15390625 0.15885416666666666
0 0.60625 0.2552083333333333 0.1046875 0.12760416666666666
0 0.80234375 0.20572916666666666 0.06875 0.08984375
0 0.846875 0.3515625 0.11796875 0.16666666666666666
0 0.43828125 0.265625 0.12421875 0.11328125
0 0.68125 0.91015625 0.2453125 0.17708333333333334
0 0.68984375 0.20182291666666666 0.06640625 0.08463541666666667
0 0.2078125 0.3606770833333333 0.15390625 0.14192708333333334
0 0.7109375 0.12890625 0.04765625 0.0625
0 0.81640625 0.140625 0.04921875 0.05859375
0 0.6703125 0.16015625 0.06328125 0.07161458333333333
0 0.553125 0.22526041666666666 0.09140625 0.12630208333333334
0 0.7671875 0.13802083333333334 0.04921875 0.0625
0 0.8390625 0.07552083333333333 0.03125 0.0390625
0 0.7453125 0.08984375 0.02890625 0.036458333333333336
0 0.60390625 0.16796875 0.05390625 0.055989583333333336
0 0.7625 0.10807291666666667 0.03671875 0.040364583333333336
0 0.88125 0.06510416666666667 0.02421875 0.036458333333333336
0 0.88125 0.12630208333333334 0.03046875 0.052083333333333336
0 0.88984375 0.09244791666666667 0.03046875 0.036458333333333336
0 0.86171875 0.05078125 0.02265625 0.028645833333333332
0 0.8140625 0.06770833333333333 0.028125 0.029947916666666668
0 0.7609375 0.07291666666666667 0.02265625 0.024739583333333332
0 0.796875 0.09244791666666667 0.03359375 0.04296875
0 0.7984375 0.07161458333333333 0.0296875 0.0234375
0 0.896875 0.044270833333333336 0.021875 0.022135416666666668
1 0.27890625 0.3854166666666667 0.05703125 0.078125
2 0.3015625 0.30859375 0.01796875 0.09114583333333333
2 0.75 0.4270833333333333 0.0390625 0.07682291666666667
2 0.896875 0.17057291666666666 0.01484375 0.040364583333333336