2 0.89296875 0.8984375 0.071875 0.19270833333333334
2 0.54453125 0.3893229166666667 0.034375 0.07682291666666667
2 0.59375 0.1953125 0.01640625 0.04296875
2 0.68203125 0.4088541666666667 0.03046875 0.11067708333333333
2 0.259375 0.48046875 0.03046875 0.13802083333333334
2 0.65625 0.3854166666666667 0.0296875 0.11979166666666667
2 0.8875 0.203125 0.01640625 0.041666666666666664
2 0.64140625 0.4453125 0.03125 0.12630208333333334
2 0.8328125 0.3606770833333333 0.03203125 0.1015625
2 0.56484375 0.2265625 0.021875 0.08333333333333333
2 0.6109375 0.3723958333333333 0.0328125 0.1171875
2 0.86328125 0.2421875 0.0203125 0.036458333333333336
2 0.83984375 0.3411458333333333 0.01796875 0.06380208333333333
1 0.86328125 0.28125 0.02109375 0.059895833333333336
1 0.8296875 0.3971354166666667 0.03515625 0.10416666666666667
1 0.6359375 0.48828125 0.03359375 0.10677083333333333
1 0.259375 0.5221354166666666 0.08671875 0.11588541666666667
1 0.88671875 0.22786458333333334 0.01640625 0.04296875
1 0.5390625 0.4088541666666667 0.03515625 0.036458333333333336
1 0.61015625 0.4049479166666667 0.034375 0.09114583333333333
1 0.6796875 0.4440104166666667 0.03046875 0.08854166666666667
1 0.60390625 0.3190104166666667 0.028125 0.07552083333333333
1 0.56171875 0.23697916666666666 0.01640625 0.05078125
0 0.678125 0.8229166666666666 0.1796875 0.3528645833333333
0 0.7234375 0.5260416666666666 0.128125 0.2682291666666667
0 0.09609375 0.4075520833333333 0.1921875 0.19401041666666666
0 0.77109375 0.3111979166666667 0.07890625 0.12239583333333333
0 0.30625 0.4088541666666667 0.1921875 0.1875
0 0.50859375 0.5807291666666666 0.15703125 0.3255208333333333
0 0.61796875 0.23046875 0.08515625 0.109375
0 0.77265625 0.11588541666666667 0.03828125 0.046875
0 0.496875 0.3138020833333333 0.13515625 0.15625
0 0.33125 0.3059895833333333 0.15859375 0.13020833333333334
0 0.815625 0.203125 0.05234375 0.08723958333333333
0 0.8625 0.1640625 0.040625 0.07291666666666667
0 0.7375 0.15104166666666666 0.05078125 0.06901041666666667
0 0.68515625 0.18619791666666666 0.06796875 0.09375
0 0.89765625 0.11328125 0.02578125 0.053385416666666664
0 0.8234375 0.09635416666666667 0.03359375 0.0390625
0 0.65625 0.125 0.0328125 0.045572916666666664
0 0.7 0.10286458333333333 0.03828125 0.0234375
0 0.48828125 0.24609375 0.10625 0.1171875
0 0.6703125 0.14713541666666666 0.0578125 0.06640625
0 0.571875 0.17447916666666666 0.0890625 0.12109375
0 0.84453125 0.0546875 0.02421875 0.029947916666666668
0 0.89765625 0.059895833333333336 0.02421875 0.03125
0 0.71640625 0.12760416666666666 0.04140625 0.040364583333333336
0 0.84140625 0.08333333333333333 0.025 0.037760416666666664
0 0.80859375 0.0625 0.01953125 0.029947916666666668
0 0.87109375 0.09895833333333333 0.02734375 0.049479166666666664
0 0.496875 0.21744791666666666 0.0890625 0.057291666666666664
1 0.88828125 0.9479166666666666 0.084375 0.10416666666666667
1 0.6546875 0.4075520833333333 0.02109375 0.06380208333333333
2 0.55390625 0.3893229166666667 0.0203125 0.078125
2 0.60859375 0.2786458333333333 0.021875 0.06770833333333333