2 0.86484375 0.8880208333333334 0.05625 0.22265625
1 0.7328125 0.91796875 0.07890625 0.1640625
2 0.734375 0.8763020833333334 0.0609375 0.23177083333333334
2 0.86875 0.3190104166666667 0.02265625 0.09505208333333333
2 0.7515625 0.4791666666666667 0.03828125 0.12630208333333334
2 0.88203125 0.10677083333333333 0.01015625 0.02734375
2 0.771875 0.3958333333333333 0.03125 0.06901041666666667
2 0.80703125 0.33203125 0.03046875 0.08854166666666667
2 0.83046875 0.23697916666666666 0.01796875 0.04296875
2 0.80390625 0.17838541666666666 0.01328125 0.046875
2 0.84609375 0.2669270833333333 0.02265625 0.06901041666666667
2 0.884375 0.19010416666666666 0.0171875 0.04296875
1 0.75 0.5286458333333334 0.040625 0.1328125
1 0.77109375 0.4505208333333333 0.0390625 0.10677083333333333
1 0.82734375 0.2760416666666667 0.01953125 0.06510416666666667
1 0.884375 0.20963541666666666 0.01875 0.053385416666666664
1 0.84609375 0.2903645833333333 0.02421875 0.07291666666666667
1 0.8046875 0.3684895833333333 0.02734375 0.08984375
1 0.7984375 0.20442708333333334 0.01640625 0.0546875
1 0.775 0.3020833333333333 0.02421875 0.078125
1 0.8609375 0.9127604166666666 0.09609375 0.171875
0 0.4125 0.3190104166666667 0.13203125 0.15234375
0 0.63125 0.4231770833333333 0.125 0.20833333333333334
0 0.04609375 0.4114583333333333 0.0921875 0.140625
0 0.19140625 0.44921875 0.2109375 0.19921875
0 0.2078125 0.3619791666666667 0.15859375 0.11067708333333333
0 0.58515625 0.24869791666666666 0.09453125 0.11197916666666667
0 0.66875 0.19661458333333334 0.07109375 0.09244791666666667
0 0.81640625 0.1015625 0.03359375 0.04296875
0 0.82890625 0.140625 0.040625 0.0546875
0 0.45703125 0.23697916666666666 0.10234375 0.09375
0 0.57109375 0.1953125 0.07578125 0.08333333333333333
0 0.83046875 0.21223958333333334 0.05703125 0.09244791666666667
0 0.87578125 0.15104166666666666 0.04609375 0.06510416666666667
0 0.76875 0.12369791666666667 0.04765625 0.04296875
0 0.70625 0.12239583333333333 0.04765625 0.05859375
0 0.86796875 0.049479166666666664 0.01953125 0.028645833333333332
0 0.6125 0.16015625 0.06484375 0.07161458333333333
0 0.76171875 0.16536458333333334 0.06171875 0.07291666666666667
0 0.8296875 0.057291666666666664 0.02421875 0.029947916666666668
0 0.784375 0.07421875 0.02421875 0.03515625
0 0.7515625 0.07291666666666667 0.04453125 0.053385416666666664
0 0.69609375 0.15364583333333334 0.05546875 0.06770833333333333
0 0.80859375 0.05859375 0.01796875 0.02734375
2 0.77421875 0.2682291666666667 0.025 0.06640625