2 0.503125 0.6901041666666666 0.05546875 0.17838541666666666
2 0.346875 0.4908854166666667 0.04140625 0.14322916666666666
2 0.1765625 0.5572916666666666 0.0546875 0.15755208333333334
2 0.91015625 0.9322916666666666 0.0890625 0.1328125
2 0.80546875 0.3854166666666667 0.03203125 0.059895833333333336
2 0.7015625 0.7721354166666666 0.0484375 0.20052083333333334
2 0.6921875 0.7864583333333334 0.05703125 0.17447916666666666
2 0.80703125 0.76953125 0.059375 0.23046875
2 0.809375 0.16927083333333334 0.01328125 0.0390625
2 0.83203125 0.29296875 0.02734375 0.08072916666666667
2 0.86015625 0.3177083333333333 0.02578125 0.08854166666666667
2 0.8 0.7565104166666666 0.0546875 0.16145833333333334
2 0.8203125 0.4375 0.0359375 0.07421875
2 0.875 0.24088541666666666 0.01796875 0.041666666666666664
1 0.34921875 0.53125 0.07578125 0.12369791666666667
1 0.690625 0.87109375 0.06171875 0.19401041666666666
1 0.753125 0.2643229166666667 0.025 0.06770833333333333
1 0.859375 0.3489583333333333 0.02578125 0.07942708333333333
1 0.18046875 0.6067708333333334 0.10390625 0.13671875
1 0.809375 0.86328125 0.05703125 0.18229166666666666
1 0.81875 0.5013020833333334 0.0390625 0.11197916666666667
1 0.803125 0.2265625 0.01875 0.052083333333333336
1 0.83203125 0.3203125 0.02734375 0.08333333333333333
1 0.7984375 0.6497395833333334 0.05234375 0.11979166666666667
1 0.80390625 0.4427083333333333 0.0328125 0.08203125
1 0.02421875 0.66796875 0.04765625 0.10807291666666667
1 0.5015625 0.76171875 0.053125 0.17447916666666666
1 0.8875 0.96484375 0.08203125 0.06770833333333333
1 0.81953125 0.2513020833333333 0.01640625 0.055989583333333336
1 0.8828125 0.3111979166666667 0.02265625 0.07682291666666667
1 0.8734375 0.2682291666666667 0.01953125 0.059895833333333336
2 0.82109375 0.21744791666666666 0.021875 0.049479166666666664
0 0.7046875 0.5338541666666666 0.12578125 0.23567708333333334
0 0.5703125 0.4622395833333333 0.1390625 0.23307291666666666
0 0.76875 0.3528645833333333 0.09140625 0.1328125
0 0.67890625 0.2955729166666667 0.0875 0.1171875
0 0.0421875 0.5690104166666666 0.08359375 0.14192708333333334
0 0.03046875 0.44921875 0.06015625 0.1171875
0 0.1140625 0.3841145833333333 0.13984375 0.14192708333333334
0 0.85625 0.1953125 0.05234375 0.08854166666666667
0 0.209375 0.3828125 0.18984375 0.15885416666666666
0 0.584375 0.2799479166666667 0.08046875 0.11848958333333333
0 0.4 0.31640625 0.1265625 0.14973958333333334
0 0.3671875 0.2825520833333333 0.1296875 0.13671875
0 0.47734375 0.21223958333333334 0.090625 0.07552083333333333
0 0.4765625 0.3294270833333333 0.134375 0.1796875
0 0.7203125 0.18489583333333334 0.06484375 0.08984375
0 0.65234375 0.2265625 0.07890625 0.11458333333333333
0 0.890625 0.12890625 0.03828125 0.053385416666666664
0 0.8109375 0.15234375 0.04296875 0.061197916666666664
0 0.5703125 0.17317708333333334 0.06796875 0.06380208333333333
0 0.90078125 0.15494791666666666 0.02734375 0.07942708333333333
0 0.6 0.19401041666666666 0.07265625 0.07161458333333333
0 0.7734375 0.14192708333333334 0.03828125 0.0625
0 0.51953125 0.23177083333333334 0.10078125 0.06901041666666667
0 0.678125 0.11588541666666667 0.04140625 0.037760416666666664
0 0.75390625 0.08723958333333333 0.03125 0.02734375
0 0.8875 0.07161458333333333 0.0265625 0.046875
0 0.715625 0.09765625 0.0328125 0.029947916666666668
0 0.78203125 0.09895833333333333 0.040625 0.041666666666666664
0 0.6328125 0.14192708333333334 0.04765625 0.045572916666666664
0 0.8484375 0.07552083333333333 0.0265625 0.040364583333333336
0 0.89765625 0.040364583333333336 0.0265625 0.0234375
0 0.740625 0.11328125 0.04765625 0.041666666666666664
0 0.73828125 0.15755208333333334 0.04609375 0.06510416666666667
0 0.703125 0.13151041666666666 0.04765625 0.045572916666666664
0 0.81171875 0.11979166666666667 0.04296875 0.052083333333333336
0 0.88515625 0.059895833333333336 0.021875 0.026041666666666668
0 0.7875 0.061197916666666664 0.03046875 0.024739583333333332
0 0.90390625 0.0625 0.01484375 0.02734375
0 0.87265625 0.08984375 0.02421875 0.029947916666666668
0 0.66015625 0.15755208333333334 0.05859375 0.05078125
0 0.81171875 0.0546875 0.02421875 0.02734375
0 0.80703125 0.08203125 0.0328125 0.029947916666666668
0 0.58828125 0.16927083333333334 0.0375 0.053385416666666664
0 0.7796875 0.07682291666666667 0.021875 0.018229166666666668
0 0.83125 0.055989583333333336 0.01484375 0.018229166666666668
0 0.65 0.15885416666666666 0.0375 0.0390625
0 0.82578125 0.078125 0.01640625 0.024739583333333332
2 0.80234375 0.19140625 0.01328125 0.0390625
2 0.753125 0.22786458333333334 0.02421875 0.055989583333333336
2 0.8828125 0.2786458333333333 0.02265625 0.048177083333333336
2 0.79921875 0.58203125 0.046875 0.11328125