2 0.309375 0.4361979166666667 0.04453125 0.13671875
2 0.8203125 0.4921875 0.03671875 0.13541666666666666
2 0.775 0.8098958333333334 0.04765625 0.23828125
2 0.01171875 0.6223958333333334 0.0234375 0.16796875
2 0.5140625 0.3658854166666667 0.03515625 0.11328125
2 0.5328125 0.3580729166666667 0.01953125 0.11067708333333333
2 0.83515625 0.18098958333333334 0.01328125 0.032552083333333336
2 0.84375 0.22916666666666666 0.0171875 0.0625
1 0.79140625 0.8971354166666666 0.08203125 0.203125
1 0.821875 0.5286458333333334 0.04296875 0.11328125
1 0.3109375 0.47265625 0.07890625 0.1171875
1 0.51640625 0.40234375 0.04765625 0.09114583333333333
1 0.840625 0.25 0.02578125 0.06770833333333333
1 0.8140625 0.7265625 0.034375 0.11458333333333333
1 0.83203125 0.21484375 0.01640625 0.049479166666666664
1 0.64765625 0.30078125 0.02890625 0.078125
1 0.03203125 0.66015625 0.0640625 0.10286458333333333
0 0.7078125 0.4518229166666667 0.1328125 0.23828125
0 0.0734375 0.4908854166666667 0.14609375 0.1796875
0 0.51484375 0.8072916666666666 0.1890625 0.3841145833333333
0 0.771875 0.21614583333333334 0.05625 0.08854166666666667
0 0.27734375 0.3932291666666667 0.19921875 0.19661458333333334
0 0.56484375 0.23046875 0.0765625 0.10677083333333333
0 0.46875 0.2955729166666667 0.1140625 0.13802083333333334
0 0.478125 0.22786458333333334 0.09140625 0.078125
0 0.65703125 0.20703125 0.0765625 0.10416666666666667
0 0.384375 0.2994791666666667 0.1078125 0.11067708333333333
0 0.82421875 0.14713541666666666 0.04140625 0.06510416666666667
0 0.16328125 0.375 0.1734375 0.15494791666666666
0 0.88046875 0.12239583333333333 0.04140625 0.08463541666666667
0 0.9046875 0.09375 0.01328125 0.044270833333333336
0 0.7640625 0.1328125 0.0421875 0.0625
0 0.64140625 0.171875 0.0578125 0.07942708333333333
0 0.80859375 0.11588541666666667 0.03828125 0.053385416666666664
0 0.8265625 0.08072916666666667 0.02734375 0.037760416666666664
0 0.6234375 0.14192708333333334 0.0546875 0.05859375
0 0.5609375 0.17317708333333334 0.07265625 0.06770833333333333
0 0.7796875 0.08072916666666667 0.02890625 0.040364583333333336
0 0.78984375 0.09765625 0.03828125 0.049479166666666664
0 0.8515625 0.09505208333333333 0.03671875 0.048177083333333336
0 0.68046875 0.12239583333333333 0.05234375 0.06380208333333333
0 0.89765625 0.061197916666666664 0.01953125 0.026041666666666668
0 0.86796875 0.06770833333333333 0.03359375 0.029947916666666668
0 0.8734375 0.045572916666666664 0.01640625 0.016927083333333332
0 0.89921875 0.040364583333333336 0.02265625 0.018229166666666668
0 0.8390625 0.057291666666666664 0.0203125 0.028645833333333332
2 0.803125 0.8190104166666666 0.04765625 0.2109375
2 0.809375 0.6328125 0.04453125 0.11197916666666667
2 0.64765625 0.2578125 0.0265625 0.05859375
0 0.72109375 0.15885416666666666 0.05 0.08072916666666667