2 0.27890625 0.5 0.04140625 0.14192708333333334
2 0.57265625 0.5208333333333334 0.04453125 0.1484375
2 0.81484375 0.15625 0.0109375 0.033854166666666664
2 0.2640625 0.3033854166666667 0.01796875 0.07552083333333333
2 0.79609375 0.7135416666666666 0.06015625 0.19791666666666666
2 0.85078125 0.2838541666666667 0.01484375 0.059895833333333336
2 0.85390625 0.32421875 0.02578125 0.07682291666666667
2 0.48671875 0.3880208333333333 0.03359375 0.10677083333333333
2 0.24921875 0.30859375 0.02421875 0.07291666666666667
2 0.36953125 0.2421875 0.015625 0.04296875
2 0.78515625 0.6796875 0.04765625 0.1875
2 0.83984375 0.11588541666666667 0.009375 0.029947916666666668
2 0.846875 0.14713541666666666 0.01015625 0.024739583333333332
2 0.42109375 0.20703125 0.01171875 0.03125
2 0.30625 0.2747395833333333 0.02265625 0.052083333333333336
1 0.840625 0.16666666666666666 0.01171875 0.028645833333333332
2 0.56171875 0.15885416666666666 0.01640625 0.033854166666666664
2 0.02109375 0.3763020833333333 0.02265625 0.06510416666666667
2 0.00703125 0.3984375 0.0140625 0.10026041666666667
1 0.28203125 0.51953125 0.0859375 0.13020833333333334
1 0.79609375 0.7916666666666666 0.05625 0.16666666666666666
1 0.56875 0.5703125 0.04296875 0.12369791666666667
1 0.853125 0.3528645833333333 0.02734375 0.08463541666666667
1 0.4875 0.4244791666666667 0.0484375 0.09505208333333333
1 0.803125 0.5885416666666666 0.04453125 0.08333333333333333
1 0.5609375 0.18489583333333334 0.02109375 0.055989583333333336
1 0.31015625 0.3111979166666667 0.03828125 0.05859375
1 0.83984375 0.13151041666666666 0.01171875 0.033854166666666664
2 0.46953125 0.19140625 0.0203125 0.041666666666666664
1 0.24921875 0.32421875 0.03359375 0.044270833333333336
1 0.79921875 0.6341145833333334 0.05625 0.09635416666666667
0 0.0875 0.5924479166666666 0.175 0.23697916666666666
0 0.76328125 0.4049479166666667 0.10859375 0.20963541666666666
0 0.5984375 0.77734375 0.16484375 0.3893229166666667
0 0.55546875 0.2669270833333333 0.1 0.11848958333333333
0 0.81953125 0.24088541666666666 0.0609375 0.11328125
0 0.440625 0.3528645833333333 0.15390625 0.17447916666666666
0 0.496875 0.21484375 0.0875 0.09635416666666667
0 0.640625 0.21354166666666666 0.07421875 0.09895833333333333
0 0.225 0.4440104166666667 0.23203125 0.22005208333333334
0 0.40390625 0.27734375 0.11171875 0.11197916666666667
0 0.74765625 0.078125 0.0359375 0.040364583333333336
0 0.86171875 0.1953125 0.05 0.08984375
0 0.1296875 0.3932291666666667 0.20859375 0.20052083333333334
0 0.7234375 0.20572916666666666 0.06796875 0.09765625
0 0.77890625 0.15104166666666666 0.04453125 0.059895833333333336
0 0.875 0.12239583333333333 0.03046875 0.045572916666666664
0 0.76484375 0.12109375 0.03671875 0.049479166666666664
0 0.6171875 0.1796875 0.0703125 0.07552083333333333
0 0.70390625 0.16666666666666666 0.05 0.06901041666666667
0 0.81015625 0.11979166666666667 0.03671875 0.057291666666666664
0 0.7328125 0.1328125 0.04375 0.05078125
0 0.87265625 0.05078125 0.01640625 0.024739583333333332
0 0.64765625 0.13541666666666666 0.0515625 0.055989583333333336
0 0.7890625 0.09765625 0.028125 0.04296875
0 0.8453125 0.06901041666666667 0.03359375 0.049479166666666664
0 0.89453125 0.05859375 0.01796875 0.028645833333333332
0 0.81171875 0.08072916666666667 0.028125 0.029947916666666668
0 0.709375 0.10286458333333333 0.03984375 0.029947916666666668
0 0.88828125 0.09765625 0.02734375 0.041666666666666664
1 0.81484375 0.17057291666666666 0.0109375 0.029947916666666668
2 0.80234375 0.5481770833333334 0.04375 0.0703125