2 0.5375 0.19401041666666666 0.01953125 0.033854166666666664
2 0.440625 0.5885416666666666 0.04609375 0.15364583333333334
2 0.078125 0.5208333333333334 0.04765625 0.12630208333333334
2 0.70234375 0.3111979166666667 0.01484375 0.041666666666666664
2 0.8703125 0.1640625 0.01328125 0.040364583333333336
2 0.77265625 0.7291666666666666 0.05859375 0.17057291666666666
2 0.1078125 0.5104166666666666 0.021875 0.11197916666666667
2 0.84921875 0.23567708333333334 0.021875 0.04296875
2 0.8140625 0.2916666666666667 0.025 0.08854166666666667
2 0.8046875 0.3268229166666667 0.02734375 0.06901041666666667
2 0.853125 0.91015625 0.0515625 0.1328125
2 0.8921875 0.13151041666666666 0.01328125 0.028645833333333332
1 0.8875 0.12369791666666667 0.0078125 0.022135416666666668
2 0.890625 0.10677083333333333 0.00859375 0.0234375
2 0.7703125 0.6510416666666666 0.04140625 0.09765625
2 0.82578125 0.19401041666666666 0.0171875 0.033854166666666664
2 0.4484375 0.5885416666666666 0.02109375 0.15625
1 0.4359375 0.6549479166666666 0.0484375 0.16145833333333334
1 0.77421875 0.7916666666666666 0.05546875 0.1796875
1 0.825 0.22786458333333334 0.0171875 0.0546875
1 0.0875 0.5690104166666666 0.09765625 0.11067708333333333
1 0.85078125 0.3385416666666667 0.0234375 0.0703125
1 0.78203125 0.6171875 0.03984375 0.08723958333333333
1 0.86953125 0.18489583333333334 0.01640625 0.044270833333333336
1 0.88828125 0.20442708333333334 0.01484375 0.0390625
2 0.85078125 0.2916666666666667 0.021875 0.055989583333333336
1 0.84921875 0.2669270833333333 0.02265625 0.055989583333333336
1 0.8921875 0.15364583333333334 0.01328125 0.03125
1 0.81796875 0.30859375 0.01484375 0.0546875
1 0.8046875 0.375 0.02890625 0.08854166666666667
0 0.54453125 0.2552083333333333 0.09140625 0.10807291666666667
0 0.60625 0.5729166666666666 0.15390625 0.3046875
0 0.10625 0.48046875 0.2125 0.19401041666666666
0 0.38359375 0.359375 0.175 0.18098958333333334
0 0.44765625 0.25 0.09453125 0.07552083333333333
0 0.74609375 0.25390625 0.07890625 0.11067708333333333
0 0.63671875 0.18880208333333334 0.06953125 0.08854166666666667
0 0.7078125 0.4114583333333333 0.10390625 0.17447916666666666
0 0.70703125 0.9440104166666666 0.20234375 0.109375
0 0.11484375 0.390625 0.16640625 0.10677083333333333
0 0.84765625 0.125 0.04453125 0.059895833333333336
0 0.334375 0.3098958333333333 0.13046875 0.13802083333333334
0 0.734375 0.15885416666666666 0.05546875 0.0703125
0 0.90234375 0.09114583333333333 0.01640625 0.04296875
0 0.784375 0.13020833333333334 0.0453125 0.059895833333333336
0 0.71796875 0.12109375 0.04765625 0.055989583333333336
0 0.7984375 0.10286458333333333 0.03671875 0.046875
0 0.64375 0.14453125 0.06875 0.059895833333333336
0 0.8671875 0.049479166666666664 0.01953125 0.02734375
0 0.74453125 0.1015625 0.034375 0.04296875
0 0.753125 0.06901041666666667 0.04375 0.049479166666666664
0 0.78359375 0.07161458333333333 0.02578125 0.036458333333333336
0 0.85703125 0.08854166666666667 0.03515625 0.040364583333333336
0 0.82421875 0.08203125 0.03203125 0.04296875
0 0.83203125 0.055989583333333336 0.021875 0.024739583333333332
1 0.853125 0.953125 0.096875 0.09244791666666667
0 0.81015625 0.059895833333333336 0.02109375 0.029947916666666668
2 0.88828125 0.18229166666666666 0.0140625 0.037760416666666664
2 0.7828125 0.5481770833333334 0.0375 0.08984375