2 0.771875 0.33984375 0.03046875 0.1015625
1 0.7140625 0.5143229166666666 0.040625 0.12239583333333333
2 0.7140625 0.4765625 0.0390625 0.13802083333333334
2 0.33046875 0.328125 0.03046875 0.09244791666666667
2 0.85625 0.22916666666666666 0.02109375 0.07161458333333333
2 0.76953125 0.5859375 0.04609375 0.15104166666666666
2 0.80859375 0.2591145833333333 0.02421875 0.07682291666666667
2 0.7921875 0.3424479166666667 0.02421875 0.059895833333333336
2 0.83203125 0.24479166666666666 0.01953125 0.07421875
2 0.784375 0.45703125 0.03828125 0.11458333333333333
2 0.8609375 0.15494791666666666 0.0140625 0.03125
1 0.76953125 0.6432291666666666 0.046875 0.13802083333333334
1 0.85546875 0.33984375 0.02734375 0.07942708333333333
1 0.8609375 0.17838541666666666 0.0140625 0.044270833333333336
1 0.80546875 0.2799479166666667 0.021875 0.07161458333333333
1 0.85546875 0.2513020833333333 0.0203125 0.05859375
1 0.89375 0.17447916666666666 0.0140625 0.04296875
1 0.33203125 0.36328125 0.04609375 0.07942708333333333
1 0.7828125 0.4973958333333333 0.03359375 0.07942708333333333
1 0.828125 0.2630208333333333 0.02265625 0.07161458333333333
1 0.78984375 0.3828125 0.03046875 0.06901041666666667
0 0.61328125 0.6471354166666666 0.14140625 0.2994791666666667
0 0.71953125 0.2864583333333333 0.090625 0.12760416666666666
0 0.65859375 0.890625 0.23203125 0.21614583333333334
0 0.1078125 0.4674479166666667 0.215625 0.20833333333333334
0 0.41171875 0.3450520833333333 0.140625 0.1484375
0 0.56328125 0.23177083333333334 0.08671875 0.11067708333333333
0 0.21015625 0.3528645833333333 0.16796875 0.13671875
0 0.65078125 0.15234375 0.059375 0.06901041666666667
0 0.690625 0.18359375 0.06640625 0.08203125
0 0.74921875 0.1484375 0.05234375 0.06901041666666667
0 0.82109375 0.13932291666666666 0.05078125 0.059895833333333336
0 0.82109375 0.10416666666666667 0.03828125 0.044270833333333336
0 0.86796875 0.07421875 0.0265625 0.033854166666666664
0 0.88984375 0.12369791666666667 0.03359375 0.057291666666666664
0 0.36015625 0.3046875 0.11796875 0.10416666666666667
0 0.85 0.125 0.0296875 0.049479166666666664
0 0.55625 0.19270833333333334 0.08203125 0.08984375
0 0.8671875 0.046875 0.01953125 0.020833333333333332
0 0.89921875 0.08333333333333333 0.02109375 0.024739583333333332
0 0.8296875 0.057291666666666664 0.025 0.029947916666666668
0 0.75 0.07161458333333333 0.04609375 0.053385416666666664
0 0.7578125 0.12239583333333333 0.04296875 0.053385416666666664
0 0.69140625 0.11848958333333333 0.04296875 0.046875
0 0.8109375 0.061197916666666664 0.02109375 0.032552083333333336
0 0.7671875 0.09635416666666667 0.0453125 0.049479166666666664
2 0.85546875 0.3033854166666667 0.02734375 0.06510416666666667
2 0.89375 0.15234375 0.0140625 0.041666666666666664
0 0.78515625 0.07291666666666667 0.0265625 0.032552083333333336