2 0.81015625 0.8567708333333334 0.06484375 0.21354166666666666
2 0.44375 0.26171875 0.0234375 0.0625
2 0.73359375 0.3411458333333333 0.02109375 0.10286458333333333
2 0.77578125 0.4505208333333333 0.03515625 0.13151041666666666
2 0.75390625 0.3893229166666667 0.0328125 0.11067708333333333
2 0.825 0.2942708333333333 0.02421875 0.053385416666666664
2 0.87578125 0.14453125 0.01171875 0.046875
2 0.81484375 0.24088541666666666 0.021875 0.06380208333333333
2 0.8671875 0.18880208333333334 0.01796875 0.05859375
2 0.87421875 0.24088541666666666 0.01953125 0.036458333333333336
2 0.87109375 0.07682291666666667 0.00546875 0.014322916666666666
2 0.81796875 0.3723958333333333 0.02734375 0.06770833333333333
1 0.8078125 0.9192708333333334 0.06953125 0.15885416666666666
1 0.815625 0.4270833333333333 0.0328125 0.10286458333333333
1 0.8125 0.2669270833333333 0.02265625 0.0703125
1 0.8734375 0.2760416666666667 0.02109375 0.061197916666666664
1 0.775 0.4908854166666667 0.03515625 0.10677083333333333
1 0.83671875 0.23567708333333334 0.02109375 0.06510416666666667
1 0.86640625 0.20833333333333334 0.01796875 0.053385416666666664
1 0.753125 0.4231770833333333 0.03203125 0.09505208333333333
1 0.903125 0.14973958333333334 0.0109375 0.03515625
1 0.8234375 0.3346354166666667 0.02578125 0.06640625
1 0.44140625 0.2786458333333333 0.021875 0.04296875
1 0.87578125 0.15625 0.01171875 0.032552083333333336
1 0.87109375 0.09635416666666667 0.00859375 0.024739583333333332
1 0.81875 0.25 0.0140625 0.040364583333333336
0 0.2109375 0.42578125 0.21484375 0.20963541666666666
0 0.60390625 0.7955729166666666 0.19140625 0.4088541666666667
0 0.6453125 0.5247395833333334 0.13125 0.23177083333333334
0 0.48046875 0.3020833333333333 0.1125 0.12630208333333334
0 0.59453125 0.21354166666666666 0.07890625 0.10286458333333333
0 0.7296875 0.2747395833333333 0.0859375 0.12369791666666667
0 0.025 0.4283854166666667 0.05 0.12239583333333333
0 0.38671875 0.2890625 0.10078125 0.1015625
0 0.71015625 0.17317708333333334 0.06015625 0.07682291666666667
0 0.26796875 0.3229166666666667 0.15625 0.11979166666666667
0 0.58984375 0.171875 0.07890625 0.08203125
0 0.7640625 0.140625 0.04921875 0.06380208333333333
0 0.678125 0.13671875 0.05390625 0.059895833333333336
0 0.83203125 0.1328125 0.04765625 0.059895833333333336
0 0.896875 0.10807291666666667 0.0265625 0.05078125
0 0.71328125 0.11328125 0.04296875 0.046875
0 0.8671875 0.048177083333333336 0.01953125 0.02734375
0 0.83515625 0.09505208333333333 0.03671875 0.040364583333333336
0 0.8828125 0.06510416666666667 0.02578125 0.028645833333333332
0 0.85234375 0.11848958333333333 0.03515625 0.046875
0 0.77421875 0.11458333333333333 0.0421875 0.05078125
0 0.8296875 0.055989583333333336 0.02578125 0.033854166666666664
0 0.7515625 0.07291666666666667 0.04453125 0.055989583333333336
0 0.790625 0.09114583333333333 0.0359375 0.046875
0 0.78515625 0.06380208333333333 0.021875 0.015625
2 0.83671875 0.20572916666666666 0.0203125 0.04296875
2 0.9046875 0.1328125 0.01171875 0.029947916666666668