2 0.14609375 0.4049479166666667 0.0296875 0.10677083333333333
2 0.790625 0.640625 0.05078125 0.16927083333333334
2 0.77734375 0.6119791666666666 0.03203125 0.15885416666666666
2 0.81796875 0.4127604166666667 0.03046875 0.10416666666666667
2 0.73515625 0.4518229166666667 0.0328125 0.12890625
2 0.82578125 0.2643229166666667 0.021875 0.07161458333333333
2 0.859375 0.2630208333333333 0.02265625 0.08072916666666667
2 0.72734375 0.6979166666666666 0.05390625 0.19270833333333334
2 0.803125 0.3333333333333333 0.0234375 0.09765625
2 0.884375 0.18619791666666666 0.0140625 0.029947916666666668
2 0.91328125 0.92578125 0.05 0.14583333333333334
2 0.7859375 0.29296875 0.0265625 0.09114583333333333
2 0.8390625 0.18619791666666666 0.01640625 0.033854166666666664
1 0.81484375 0.4518229166666667 0.03515625 0.11067708333333333
1 0.73125 0.484375 0.04140625 0.11979166666666667
1 0.7890625 0.6940104166666666 0.0546875 0.15755208333333334
1 0.7265625 0.7604166666666666 0.06484375 0.1796875
1 0.83828125 0.21614583333333334 0.01875 0.049479166666666664
1 0.15234375 0.4427083333333333 0.08203125 0.09505208333333333
1 0.78359375 0.31640625 0.02734375 0.0859375
1 0.85859375 0.2890625 0.021875 0.06901041666666667
1 0.825 0.2890625 0.02578125 0.078125
1 0.88359375 0.21614583333333334 0.0171875 0.05859375
1 0.88828125 0.9557291666666666 0.11015625 0.08723958333333333
0 0.31796875 0.39453125 0.171875 0.17838541666666666
0 0.6984375 0.3138020833333333 0.10078125 0.14192708333333334
0 0.64921875 0.8502604166666666 0.1859375 0.2981770833333333
0 0.5171875 0.2604166666666667 0.1 0.12239583333333333
0 0.109375 0.3841145833333333 0.21328125 0.15494791666666666
0 0.05 0.48046875 0.1 0.16796875
0 0.3125 0.3229166666666667 0.134375 0.109375
0 0.65546875 0.20442708333333334 0.0734375 0.09375
0 0.62109375 0.16666666666666666 0.06484375 0.07161458333333333
0 0.7265625 0.16145833333333334 0.0578125 0.07552083333333333
0 0.80546875 0.14583333333333334 0.05390625 0.06380208333333333
0 0.85078125 0.08463541666666667 0.028125 0.036458333333333336
0 0.84609375 0.12760416666666666 0.03359375 0.05078125
0 0.5234375 0.20963541666666666 0.09140625 0.09114583333333333
0 0.86796875 0.049479166666666664 0.01953125 0.028645833333333332
0 0.7515625 0.06901041666666667 0.0453125 0.05078125
0 0.8953125 0.1015625 0.0265625 0.037760416666666664
0 0.803125 0.11197916666666667 0.04453125 0.049479166666666664
0 0.6625 0.13411458333333334 0.0484375 0.052083333333333336
0 0.7859375 0.07291666666666667 0.02421875 0.03515625
0 0.73828125 0.12630208333333334 0.05078125 0.057291666666666664
0 0.83046875 0.055989583333333336 0.02578125 0.032552083333333336
0 0.8734375 0.14583333333333334 0.040625 0.06640625
0 0.7421875 0.09505208333333333 0.04296875 0.029947916666666668
0 0.80859375 0.05859375 0.01875 0.02734375