2 0.509375 0.8138020833333334 0.07421875 0.22916666666666666
2 0.6375 0.4049479166666667 0.03203125 0.10677083333333333
2 0.01640625 0.4140625 0.01953125 0.13020833333333334
2 0.7375 0.4375 0.0359375 0.12890625
2 0.03515625 0.3984375 0.0265625 0.11328125
2 0.7171875 0.3606770833333333 0.0296875 0.05859375
2 0.8578125 0.8111979166666666 0.0578125 0.18489583333333334
2 0.82109375 0.4583333333333333 0.0375 0.10026041666666667
2 0.82734375 0.7877604166666666 0.0328125 0.171875
2 0.7875 0.7005208333333334 0.05859375 0.18098958333333334
2 0.81953125 0.4361979166666667 0.03125 0.055989583333333336
2 0.7953125 0.6614583333333334 0.04140625 0.1015625
2 0.846875 0.3671875 0.02890625 0.057291666666666664
1 0.50703125 0.8919270833333334 0.06640625 0.21354166666666666
1 0.63671875 0.4453125 0.03359375 0.11328125
1 0.8453125 0.421875 0.03125 0.09765625
1 0.7359375 0.4817708333333333 0.0359375 0.10677083333333333
1 0.82109375 0.4908854166666667 0.0375 0.0859375
1 0.78828125 0.7591145833333334 0.05859375 0.16536458333333334
1 0.7140625 0.421875 0.03515625 0.11458333333333333
1 0.79609375 0.5963541666666666 0.0453125 0.09635416666666667
1 0.02890625 0.43359375 0.05703125 0.08333333333333333
1 0.8578125 0.88671875 0.05703125 0.14322916666666666
0 0.4265625 0.6380208333333334 0.16953125 0.3125
0 0.66171875 0.6809895833333334 0.13828125 0.2994791666666667
0 0.12109375 0.4817708333333333 0.21171875 0.20052083333333334
0 0.78046875 0.3151041666666667 0.08828125 0.15104166666666666
0 0.77734375 0.9192708333333334 0.21484375 0.15885416666666666
0 0.5390625 0.3059895833333333 0.09921875 0.12760416666666666
0 0.725 0.2526041666666667 0.0734375 0.09895833333333333
0 0.16875 0.3854166666666667 0.19765625 0.14192708333333334
0 0.87265625 0.2630208333333333 0.06015625 0.140625
0 0.82734375 0.20963541666666666 0.0546875 0.08854166666666667
0 0.64140625 0.23046875 0.08828125 0.10807291666666667
0 0.4171875 0.3606770833333333 0.165625 0.21354166666666666
0 0.8421875 0.13151041666666666 0.0375 0.0625
0 0.4453125 0.22526041666666666 0.09765625 0.07161458333333333
0 0.55625 0.18098958333333334 0.06484375 0.06510416666666667
0 0.584375 0.21875 0.07578125 0.10416666666666667
0 0.31484375 0.3046875 0.13828125 0.1484375
0 0.72265625 0.18619791666666666 0.07890625 0.09114583333333333
0 0.6125 0.14973958333333334 0.04453125 0.045572916666666664
0 0.50546875 0.2552083333333333 0.09140625 0.10416666666666667
0 0.8578125 0.08854166666666667 0.03515625 0.048177083333333336
0 0.659375 0.12369791666666667 0.04453125 0.0390625
0 0.35625 0.33203125 0.12421875 0.14973958333333334
0 0.8109375 0.15494791666666666 0.03984375 0.078125
0 0.89609375 0.09635416666666667 0.025 0.041666666666666664
0 0.69453125 0.10546875 0.0375 0.032552083333333336
0 0.64609375 0.16276041666666666 0.0625 0.057291666666666664
0 0.89765625 0.040364583333333336 0.0234375 0.0234375
0 0.896875 0.13020833333333334 0.02734375 0.07161458333333333
0 0.7703125 0.14583333333333334 0.03515625 0.061197916666666664
0 0.73515625 0.09244791666666667 0.03359375 0.024739583333333332
0 0.6921875 0.14583333333333334 0.04921875 0.0625
0 0.8859375 0.0703125 0.02109375 0.033854166666666664
0 0.765625 0.10546875 0.03671875 0.040364583333333336
0 0.79140625 0.12890625 0.03046875 0.053385416666666664
0 0.73125 0.11848958333333333 0.04140625 0.0390625
0 0.76328125 0.08203125 0.0265625 0.020833333333333332
0 0.81640625 0.08984375 0.034375 0.05078125
0 0.840625 0.08072916666666667 0.02109375 0.0390625
0 0.77890625 0.061197916666666664 0.03984375 0.032552083333333336
0 0.8796875 0.059895833333333336 0.0265625 0.026041666666666668
0 0.74296875 0.1484375 0.04140625 0.049479166666666664
0 0.790625 0.08984375 0.02734375 0.032552083333333336
0 0.8046875 0.09635416666666667 0.0140625 0.037760416666666664
0 0.90390625 0.06510416666666667 0.01171875 0.020833333333333332
2 0.796875 0.5338541666666666 0.04609375 0.08854166666666667
2 0.775 0.18359375 0.015625 0.037760416666666664
1 0.77421875 0.22265625 0.0203125 0.046875