1 0.64921875 0.3958333333333333 0.04375 0.0859375
2 0.64765625 0.3541666666666667 0.01796875 0.09114583333333333
2 0.65625 0.3515625 0.0140625 0.09244791666666667
2 0.5046875 0.2682291666666667 0.0125 0.07291666666666667
2 0.5140625 0.26953125 0.0109375 0.07161458333333333
2 0.69609375 0.19921875 0.015625 0.059895833333333336
2 0.83984375 0.23958333333333334 0.021875 0.07161458333333333
2 0.63203125 0.3098958333333333 0.02734375 0.08463541666666667
2 0.6671875 0.22395833333333334 0.02265625 0.04296875
2 0.89296875 0.10677083333333333 0.00859375 0.016927083333333332
2 0.88515625 0.1640625 0.01484375 0.029947916666666668
1 0.6953125 0.21875 0.01953125 0.05859375
1 0.6671875 0.2591145833333333 0.0234375 0.06640625
1 0.85390625 0.14713541666666666 0.01328125 0.032552083333333336
1 0.83828125 0.2643229166666667 0.02578125 0.06901041666666667
1 0.88515625 0.18880208333333334 0.01640625 0.052083333333333336
1 0.840625 0.11067708333333333 0.0109375 0.026041666666666668
1 0.5015625 0.2864583333333333 0.02578125 0.049479166666666664
1 0.89140625 0.12760416666666666 0.0125 0.033854166666666664
1 0.86171875 0.10416666666666667 0.01015625 0.026041666666666668
1 0.903125 0.09765625 0.009375 0.024739583333333332
1 0.6296875 0.3463541666666667 0.02421875 0.078125
0 0.7953125 0.3059895833333333 0.0765625 0.1328125
0 0.49296875 0.3958333333333333 0.17109375 0.19661458333333334
0 0.16875 0.52734375 0.25703125 0.24869791666666666
0 0.05859375 0.41015625 0.11640625 0.14322916666666666
0 0.25234375 0.328125 0.15546875 0.12369791666666667
0 0.58125 0.2890625 0.08515625 0.11848958333333333
0 0.79609375 0.14322916666666666 0.046875 0.06901041666666667
0 0.7296875 0.125 0.04140625 0.0625
0 0.6453125 0.17578125 0.0734375 0.0859375
0 0.5546875 0.2109375 0.08515625 0.09505208333333333
0 0.16796875 0.4322916666666667 0.19765625 0.15885416666666666
0 0.6953125 0.14453125 0.05234375 0.07291666666666667
0 0.5921875 0.16796875 0.059375 0.07161458333333333
0 0.76953125 0.07421875 0.02890625 0.032552083333333336
0 0.77890625 0.11197916666666667 0.0375 0.0546875
0 0.82421875 0.08333333333333333 0.02890625 0.040364583333333336
0 0.80078125 0.08723958333333333 0.03359375 0.04296875
0 0.853125 0.052083333333333336 0.0203125 0.029947916666666668
0 0.40390625 0.3411458333333333 0.15078125 0.19140625
0 0.871875 0.049479166666666664 0.01953125 0.02734375
2 0.903125 0.08463541666666667 0.0109375 0.022135416666666668
2 0.840625 0.09244791666666667 0.01015625 0.0234375
2 0.86171875 0.08723958333333333 0.01015625 0.024739583333333332
2 0.853125 0.12369791666666667 0.0125 0.026041666666666668