2 0.9328125 0.9388020833333334 0.078125 0.11979166666666667
2 0.21640625 0.3919270833333333 0.0265625 0.06510416666666667
2 0.65234375 0.34765625 0.03359375 0.06901041666666667
2 0.86796875 0.2643229166666667 0.01953125 0.09114583333333333
2 0.75390625 0.3736979166666667 0.03125 0.059895833333333336
2 0.61796875 0.6015625 0.04921875 0.15885416666666666
2 0.8484375 0.3138020833333333 0.02578125 0.08723958333333333
2 0.34921875 0.3359375 0.0234375 0.0546875
2 0.834375 0.7473958333333334 0.0546875 0.13020833333333334
2 0.82890625 0.9361979166666666 0.07421875 0.12630208333333334
2 0.30546875 0.4427083333333333 0.03046875 0.11328125
2 0.42734375 0.359375 0.040625 0.09765625
2 0.53828125 0.4075520833333333 0.034375 0.07161458333333333
2 0.7890625 0.5481770833333334 0.0421875 0.08463541666666667
2 0.66171875 0.21875 0.021875 0.052083333333333336
2 0.8109375 0.23828125 0.01796875 0.03515625
2 0.753125 0.4166666666666667 0.03359375 0.06380208333333333
2 0.66171875 0.7057291666666666 0.06015625 0.21614583333333334
2 0.52421875 0.5078125 0.03671875 0.13411458333333334
2 0.7875 0.46875 0.0296875 0.09505208333333333
2 0.871875 0.15364583333333334 0.01484375 0.0546875
2 0.6875 0.19270833333333334 0.0109375 0.049479166666666664
2 0.83671875 0.36328125 0.03046875 0.0625
2 0.7625 0.4075520833333333 0.01484375 0.04296875
2 0.834375 0.14453125 0.01171875 0.0234375
2 0.83828125 0.18619791666666666 0.0125 0.029947916666666668
2 0.68046875 0.546875 0.04453125 0.0859375
2 0.81953125 0.4166666666666667 0.03515625 0.0625
2 0.5671875 0.4375 0.03984375 0.08072916666666667
2 0.803125 0.1484375 0.01171875 0.04296875
2 0.853125 0.14713541666666666 0.01484375 0.036458333333333336
2 0.59609375 0.4127604166666667 0.02578125 0.049479166666666664
1 0.45078125 0.45703125 0.040625 0.09244791666666667
1 0.31015625 0.4765625 0.06171875 0.10546875
1 0.65703125 0.7708333333333334 0.0515625 0.1640625
1 0.54921875 0.6901041666666666 0.0578125 0.12109375
1 0.52421875 0.5572916666666666 0.03828125 0.1171875
1 0.8015625 0.16536458333333334 0.0140625 0.046875
1 0.72734375 0.6861979166666666 0.0625 0.1171875
1 0.8203125 0.4713541666666667 0.03671875 0.1015625
1 0.87265625 0.20182291666666666 0.01640625 0.040364583333333336
1 0.42734375 0.41015625 0.053125 0.109375
1 0.6625 0.25390625 0.0265625 0.061197916666666664
1 0.7859375 0.7356770833333334 0.05546875 0.12760416666666666
1 0.8484375 0.3359375 0.02421875 0.055989583333333336
2 0.7265625 0.91796875 0.0671875 0.14583333333333334
1 0.725 0.86328125 0.06484375 0.11067708333333333
1 0.83984375 0.83203125 0.05390625 0.10026041666666667
1 0.67890625 0.6158854166666666 0.04296875 0.09114583333333333
1 0.68671875 0.22395833333333334 0.02109375 0.053385416666666664
1 0.64765625 0.3802083333333333 0.02734375 0.048177083333333336
2 0.875 0.1796875 0.0140625 0.03125
1 0.871875 0.1640625 0.015625 0.03515625
2 0.78671875 0.6458333333333334 0.05390625 0.11067708333333333
1 0.78828125 0.5911458333333334 0.04296875 0.0859375
1 0.83359375 0.16666666666666666 0.0125 0.032552083333333336
1 0.8265625 0.24348958333333334 0.01796875 0.046875
1 0.6 0.44140625 0.03515625 0.057291666666666664
1 0.7140625 0.9505208333333334 0.09453125 0.09765625
1 0.53984375 0.4544270833333333 0.03359375 0.08463541666666667
1 0.8375 0.4088541666666667 0.03046875 0.07552083333333333
1 0.84140625 0.20963541666666666 0.01796875 0.033854166666666664
1 0.7515625 0.4817708333333333 0.03671875 0.1171875
1 0.56875 0.5 0.04296875 0.10026041666666667
1 0.61640625 0.6471354166666666 0.046875 0.11979166666666667
1 0.3515625 0.3854166666666667 0.05390625 0.045572916666666664
1 0.85234375 0.16796875 0.015625 0.040364583333333336
0 0.1421875 0.4934895833333333 0.19765625 0.19010416666666666
0 0.4234375 0.6966145833333334 0.15234375 0.3932291666666667
0 0.66953125 0.45703125 0.11953125 0.19140625
0 0.73515625 0.2747395833333333 0.08046875 0.10677083333333333
0 0.784375 0.3229166666666667 0.07578125 0.14713541666666666
0 0.4921875 0.2526041666666667 0.10703125 0.12369791666666667
0 0.04765625 0.4049479166666667 0.09453125 0.15104166666666666
0 0.2703125 0.35546875 0.17421875 0.17708333333333334
0 0.5453125 0.875 0.2234375 0.24869791666666666
0 0.6484375 0.2109375 0.0640625 0.08072916666666667
0 0.5828125 0.328125 0.09140625 0.14973958333333334
0 0.6375 0.1484375 0.06015625 0.0625
0 0.565625 0.203125 0.07734375 0.09505208333333333
0 0.85390625 0.109375 0.03671875 0.045572916666666664
0 0.77109375 0.13151041666666666 0.04921875 0.07291666666666667
0 0.74140625 0.08723958333333333 0.03203125 0.036458333333333336
0 0.71015625 0.1640625 0.05703125 0.08723958333333333
0 0.87421875 0.08984375 0.02734375 0.04296875
0 0.8671875 0.048177083333333336 0.01953125 0.026041666666666668
0 0.884375 0.06770833333333333 0.02265625 0.036458333333333336
0 0.8390625 0.053385416666666664 0.03046875 0.029947916666666668
0 0.803125 0.08203125 0.02734375 0.04296875
0 0.7828125 0.07552083333333333 0.01953125 0.033854166666666664
0 0.76953125 0.07942708333333333 0.02421875 0.032552083333333336
2 0.7296875 0.6119791666666666 0.0515625 0.11979166666666667
2 0.45546875 0.4205729166666667 0.0296875 0.11067708333333333
2 0.828125 0.21744791666666666 0.01640625 0.03515625
2 0.55 0.60546875 0.0421875 0.109375
2 0.71953125 0.78125 0.06171875 0.140625