2 0.24140625 0.46875 0.0390625 0.14322916666666666
2 0.61640625 0.3020833333333333 0.03046875 0.09244791666666667
2 0.815625 0.7174479166666666 0.0671875 0.171875
2 0.88125 0.2565104166666667 0.02578125 0.07421875
2 0.4734375 0.3893229166666667 0.0390625 0.11458333333333333
2 0.48984375 0.3828125 0.02578125 0.11848958333333333
2 0.825 0.19661458333333334 0.01796875 0.036458333333333336
2 0.734375 0.18229166666666666 0.01171875 0.045572916666666664
1 0.23515625 0.5143229166666666 0.0875 0.125
1 0.615625 0.328125 0.03359375 0.07942708333333333
1 0.81796875 0.9401041666666666 0.084375 0.1171875
1 0.87890625 0.2786458333333333 0.02265625 0.07161458333333333
1 0.8140625 0.5768229166666666 0.03984375 0.11328125
1 0.47421875 0.4283854166666667 0.05703125 0.10416666666666667
1 0.821875 0.7604166666666666 0.0578125 0.08854166666666667
1 0.83125 0.2721354166666667 0.0234375 0.059895833333333336
1 0.7328125 0.20963541666666666 0.0203125 0.06510416666666667
1 0.82578125 0.23307291666666666 0.02421875 0.0546875
0 0.0640625 0.4921875 0.128125 0.18098958333333334
0 0.52890625 0.8372395833333334 0.20859375 0.32421875
0 0.55859375 0.23046875 0.0859375 0.11979166666666667
0 0.26640625 0.3893229166666667 0.20234375 0.18880208333333334
0 0.46328125 0.3046875 0.12265625 0.14322916666666666
0 0.75703125 0.23046875 0.0671875 0.09895833333333333
0 0.47890625 0.2265625 0.09140625 0.07291666666666667
0 0.37734375 0.3033854166666667 0.1078125 0.11197916666666667
0 0.6953125 0.48046875 0.140625 0.2552083333333333
0 0.87578125 0.12760416666666666 0.0453125 0.09114583333333333
0 0.153125 0.3802083333333333 0.17265625 0.16536458333333334
0 0.725 0.16015625 0.0578125 0.078125
0 0.653125 0.20833333333333334 0.07734375 0.10546875
0 0.7625 0.1328125 0.04140625 0.0625
0 0.9015625 0.09635416666666667 0.01796875 0.048177083333333336
0 0.8171875 0.15625 0.04453125 0.0703125
0 0.63515625 0.17447916666666666 0.059375 0.07942708333333333
0 0.7765625 0.08203125 0.02734375 0.037760416666666664
0 0.80703125 0.11588541666666667 0.03984375 0.053385416666666664
0 0.62265625 0.13802083333333334 0.059375 0.059895833333333336
0 0.821875 0.08072916666666667 0.02890625 0.036458333333333336
0 0.56328125 0.17317708333333334 0.06875 0.057291666666666664
0 0.78359375 0.09895833333333333 0.0390625 0.05078125
0 0.84765625 0.09635416666666667 0.03671875 0.05078125
0 0.89609375 0.059895833333333336 0.02109375 0.029947916666666668
0 0.87421875 0.045572916666666664 0.01640625 0.01953125
0 0.871875 0.07161458333333333 0.0234375 0.029947916666666668
0 0.8390625 0.057291666666666664 0.02109375 0.028645833333333332
0 0.80703125 0.061197916666666664 0.02421875 0.033854166666666664
0 0.8546875 0.06510416666666667 0.0203125 0.020833333333333332
0 0.6796875 0.11979166666666667 0.04921875 0.052083333333333336
2 0.83359375 0.234375 0.01640625 0.048177083333333336
2 0.81328125 0.4934895833333333 0.03828125 0.078125
2 0.8296875 0.7122395833333334 0.0421875 0.15494791666666666
2 0.83203125 0.87109375 0.0484375 0.15755208333333334
2 0.809375 0.8619791666666666 0.05703125 0.20572916666666666