2 0.45859375 0.3893229166666667 0.02734375 0.11328125
2 0.59140625 0.33984375 0.03515625 0.0625
2 0.65703125 0.3151041666666667 0.02890625 0.08854166666666667
2 0.60546875 0.19010416666666666 0.01640625 0.044270833333333336
2 0.81171875 0.6106770833333334 0.04765625 0.09765625
2 0.70546875 0.3619791666666667 0.0265625 0.09765625
2 0.66796875 0.3880208333333333 0.03046875 0.11067708333333333
2 0.85546875 0.8528645833333334 0.05859375 0.20963541666666666
2 0.57734375 0.20703125 0.01953125 0.053385416666666664
1 0.9 0.1953125 0.01328125 0.037760416666666664
2 0.85078125 0.3125 0.0296875 0.08984375
2 0.9 0.16796875 0.0109375 0.02734375
2 0.60234375 0.3385416666666667 0.01484375 0.06380208333333333
2 0.69453125 0.3268229166666667 0.0265625 0.09114583333333333
2 0.8796875 0.8567708333333334 0.06015625 0.15104166666666666
2 0.85703125 0.2877604166666667 0.01640625 0.041666666666666664
2 0.6953125 0.21223958333333334 0.01484375 0.0546875
2 0.8734375 0.2109375 0.01328125 0.046875
1 0.80703125 0.6953125 0.0578125 0.16145833333333334
1 0.4578125 0.4192708333333333 0.05390625 0.1015625
1 0.6671875 0.42578125 0.03046875 0.09505208333333333
1 0.875 0.23567708333333334 0.01953125 0.0625
1 0.87265625 0.921875 0.08515625 0.15494791666666666
1 0.84921875 0.3424479166666667 0.03046875 0.08984375
1 0.6953125 0.24479166666666666 0.025 0.0625
1 0.65546875 0.3424479166666667 0.03046875 0.0859375
1 0.7046875 0.3971354166666667 0.02734375 0.0859375
1 0.69140625 0.3619791666666667 0.021875 0.07682291666666667
0 0.1390625 0.3919270833333333 0.19296875 0.1875
0 0.74609375 0.4479166666666667 0.11640625 0.21744791666666666
0 0.365625 0.3880208333333333 0.17109375 0.18359375
0 0.6453125 0.6888020833333334 0.14140625 0.3411458333333333
0 0.5484375 0.4895833333333333 0.14921875 0.2604166666666667
0 0.7921875 0.27734375 0.0703125 0.10546875
0 0.7859375 0.11067708333333333 0.0359375 0.045572916666666664
0 0.83125 0.18359375 0.04609375 0.07942708333333333
0 0.63046875 0.21875 0.08125 0.10546875
0 0.528125 0.2916666666666667 0.12578125 0.15104166666666666
0 0.70546875 0.9544270833333334 0.184375 0.08984375
0 0.50078125 0.23958333333333334 0.096875 0.10807291666666667
0 0.7484375 0.14322916666666666 0.05078125 0.06510416666666667
0 0.58203125 0.16796875 0.0859375 0.11197916666666667
0 0.87265625 0.14713541666666666 0.03671875 0.0625
0 0.3578125 0.2981770833333333 0.14765625 0.13932291666666666
0 0.69609375 0.1796875 0.0625 0.08854166666666667
0 0.68203125 0.140625 0.05625 0.06510416666666667
0 0.8359375 0.09114583333333333 0.03203125 0.036458333333333336
0 0.7171875 0.10286458333333333 0.03984375 0.03515625
0 0.728125 0.12369791666666667 0.04296875 0.040364583333333336
0 0.81015625 0.06380208333333333 0.025 0.032552083333333336
0 0.90390625 0.10286458333333333 0.01484375 0.046875
0 0.03359375 0.5026041666666666 0.0671875 0.22005208333333334
0 0.84453125 0.0546875 0.02421875 0.02734375
0 0.66875 0.11588541666666667 0.03046875 0.04296875
0 0.88984375 0.08333333333333333 0.028125 0.053385416666666664
0 0.85234375 0.07942708333333333 0.01953125 0.033854166666666664
0 0.83515625 0.14973958333333334 0.04453125 0.059895833333333336