1 0.90390625 0.9388020833333334 0.09140625 0.12239583333333333
2 0.90546875 0.8984375 0.06796875 0.20052083333333334
2 0.6484375 0.6106770833333334 0.04609375 0.16796875
2 0.675 0.8229166666666666 0.06328125 0.19661458333333334
2 0.83359375 0.15885416666666666 0.0125 0.048177083333333336
2 0.74453125 0.26171875 0.02421875 0.08333333333333333
2 0.7703125 0.2864583333333333 0.02421875 0.08203125
2 0.78671875 0.7994791666666666 0.0609375 0.18359375
2 0.72578125 0.15625 0.01796875 0.05078125
2 0.61015625 0.33203125 0.02265625 0.06640625
2 0.54609375 0.23046875 0.01875 0.04296875
2 0.7578125 0.4075520833333333 0.03203125 0.08203125
2 0.8546875 0.18229166666666666 0.01484375 0.055989583333333336
2 0.64453125 0.2981770833333333 0.02265625 0.07161458333333333
2 0.7703125 0.4986979166666667 0.0390625 0.14322916666666666
2 0.74609375 0.6380208333333334 0.0484375 0.11588541666666667
2 0.8734375 0.20052083333333334 0.015625 0.057291666666666664
2 0.76171875 0.765625 0.03359375 0.15234375
2 0.7109375 0.484375 0.0421875 0.09114583333333333
2 0.78671875 0.32421875 0.03046875 0.0859375
2 0.68828125 0.65625 0.0359375 0.11328125
2 0.84765625 0.375 0.01875 0.059895833333333336
2 0.8125 0.6901041666666666 0.05234375 0.10677083333333333
2 0.81640625 0.53125 0.03984375 0.11328125
2 0.69921875 0.28515625 0.02109375 0.045572916666666664
2 0.8203125 0.4361979166666667 0.03515625 0.06770833333333333
2 0.7109375 0.56640625 0.03125 0.07161458333333333
2 0.871875 0.13151041666666666 0.01171875 0.03125
2 0.47890625 0.2877604166666667 0.01640625 0.07421875
2 0.65390625 0.18489583333333334 0.01640625 0.036458333333333336
2 0.5921875 0.3684895833333333 0.03671875 0.07682291666666667
2 0.70078125 0.69921875 0.03984375 0.13411458333333334
2 0.571875 0.17708333333333334 0.0125 0.053385416666666664
1 0.64765625 0.6653645833333334 0.04609375 0.15625
1 0.5453125 0.2643229166666667 0.0265625 0.06380208333333333
1 0.56953125 0.19661458333333334 0.0203125 0.046875
1 0.72578125 0.17317708333333334 0.0265625 0.046875
1 0.6390625 0.4010416666666667 0.03125 0.09505208333333333
1 0.7453125 0.2786458333333333 0.0265625 0.0546875
1 0.5921875 0.42578125 0.04296875 0.11979166666666667
1 0.871875 0.21744791666666666 0.01875 0.055989583333333336
1 0.77109375 0.3111979166666667 0.0234375 0.06901041666666667
1 0.83046875 0.3385416666666667 0.025 0.078125
1 0.871875 0.1484375 0.01328125 0.032552083333333336
1 0.89140625 0.13020833333333334 0.0109375 0.033854166666666664
1 0.76953125 0.5481770833333334 0.0375 0.1171875
1 0.7859375 0.3541666666666667 0.02890625 0.08463541666666667
1 0.80234375 0.6471354166666666 0.04765625 0.09765625
1 0.6546875 0.20963541666666666 0.01875 0.049479166666666664
1 0.71015625 0.609375 0.04140625 0.078125
1 0.8328125 0.16927083333333334 0.01171875 0.029947916666666668
1 0.7875 0.8528645833333334 0.07421875 0.08463541666666667
1 0.7484375 0.7200520833333334 0.04765625 0.15364583333333334
1 0.475 0.3190104166666667 0.0359375 0.07421875
1 0.75234375 0.46875 0.02109375 0.0859375
1 0.696875 0.7708333333333334 0.0515625 0.1328125
1 0.81953125 0.48046875 0.03359375 0.07291666666666667
1 0.70078125 0.5286458333333334 0.02421875 0.06901041666666667
2 0.63984375 0.3489583333333333 0.025 0.0703125
1 0.640625 0.33203125 0.028125 0.07421875
1 0.84453125 0.4348958333333333 0.02890625 0.08203125
1 0.85234375 0.203125 0.015625 0.053385416666666664
1 0.8203125 0.5690104166666666 0.03125 0.09114583333333333
1 0.81875 0.7552083333333334 0.0453125 0.1015625
1 0.87421875 0.11328125 0.01171875 0.024739583333333332
1 0.61015625 0.36328125 0.025 0.0703125
0 0.22421875 0.8385416666666666 0.22890625 0.3203125
0 0.1015625 0.4986979166666667 0.20234375 0.22916666666666666
0 0.475 0.50390625 0.1484375 0.26171875
0 0.371875 0.3919270833333333 0.1484375 0.15625
0 0.4828125 0.7669270833333334 0.15546875 0.4348958333333333
0 0.709375 0.37890625 0.09921875 0.15625
0 0.1875 0.34765625 0.17734375 0.14192708333333334
0 0.79140625 0.19140625 0.05390625 0.07291666666666667
0 0.82734375 0.23567708333333334 0.05546875 0.09244791666666667
0 0.7703125 0.12630208333333334 0.04140625 0.049479166666666664
0 0.6546875 0.16536458333333334 0.06640625 0.07942708333333333
0 0.71875 0.11848958333333333 0.04921875 0.059895833333333336
0 0.771875 0.921875 0.25 0.15625
0 0.678125 0.23567708333333334 0.06640625 0.11067708333333333
0 0.8125 0.09375 0.0390625 0.053385416666666664
0 0.85859375 0.0859375 0.03203125 0.05078125
0 0.86640625 0.046875 0.0171875 0.0234375
0 0.903125 0.078125 0.015625 0.033854166666666664
0 0.40546875 0.2799479166666667 0.1328125 0.12239583333333333
0 0.7453125 0.08854166666666667 0.02265625 0.029947916666666668
0 0.834375 0.053385416666666664 0.02734375 0.029947916666666668
0 0.78359375 0.07291666666666667 0.01953125 0.029947916666666668
0 0.890625 0.0625 0.01875 0.028645833333333332
0 0.76875 0.08984375 0.03359375 0.04296875
0 0.80859375 0.055989583333333336 0.01875 0.02734375
2 0.875 0.09114583333333333 0.01015625 0.0234375
2 0.89140625 0.10807291666666667 0.01015625 0.0234375
2 0.83046875 0.2994791666666667 0.028125 0.06770833333333333
1 0.69140625 0.3190104166666667 0.01796875 0.0390625
2 0.8015625 0.5794270833333334 0.0484375 0.11588541666666667
1 0.67421875 0.8528645833333334 0.065625 0.14192708333333334