2 0.37109375 0.4401041666666667 0.034375 0.11979166666666667
2 0.51875 0.19270833333333334 0.01796875 0.07161458333333333
2 0.77734375 0.6315104166666666 0.05625 0.15625
2 0.37734375 0.24869791666666666 0.02265625 0.07421875
2 0.5890625 0.4036458333333333 0.03515625 0.12109375
2 0.7578125 0.1796875 0.015625 0.06510416666666667
2 0.2640625 0.33203125 0.0203125 0.049479166666666664
0 0.45078125 0.23828125 0.09921875 0.10807291666666667
2 0.43359375 0.19921875 0.009375 0.01953125
2 0.83046875 0.3893229166666667 0.03515625 0.10677083333333333
2 0.79453125 0.3541666666666667 0.028125 0.09505208333333333
2 0.32265625 0.2578125 0.01640625 0.044270833333333336
2 0.77265625 0.4947916666666667 0.03671875 0.08333333333333333
2 0.77890625 0.6341145833333334 0.0359375 0.053385416666666664
2 0.85546875 0.23697916666666666 0.01875 0.04296875
2 0.88984375 0.17578125 0.01171875 0.02734375
2 0.78359375 0.4283854166666667 0.028125 0.07161458333333333
2 0.7734375 0.6536458333333334 0.04609375 0.08984375
2 0.90234375 0.13411458333333334 0.01171875 0.028645833333333332
2 0.51796875 0.3333333333333333 0.01953125 0.08984375
2 0.8875 0.18619791666666666 0.0171875 0.046875
1 0.77734375 0.7174479166666666 0.05234375 0.16666666666666666
1 0.58828125 0.4388020833333333 0.04140625 0.11197916666666667
1 0.83046875 0.4244791666666667 0.0359375 0.08333333333333333
1 0.37421875 0.46875 0.06796875 0.11979166666666667
1 0.85234375 0.2721354166666667 0.02421875 0.06510416666666667
1 0.7703125 0.5625 0.0421875 0.11067708333333333
1 0.37734375 0.26953125 0.03671875 0.06380208333333333
1 0.884375 0.125 0.01171875 0.03515625
1 0.88671875 0.203125 0.01640625 0.049479166666666664
1 0.79296875 0.3841145833333333 0.028125 0.07682291666666667
1 0.90234375 0.15234375 0.01328125 0.040364583333333336
1 0.7828125 0.47265625 0.03984375 0.07682291666666667
2 0.884375 0.10286458333333333 0.00859375 0.0234375
1 0.89375 0.08984375 0.0078125 0.024739583333333332
1 0.753125 0.19140625 0.02421875 0.049479166666666664
1 0.5203125 0.21484375 0.02421875 0.06510416666666667
0 0.4875 0.5651041666666666 0.1484375 0.2513020833333333
0 0.1953125 0.4713541666666667 0.23984375 0.23697916666666666
0 0.6953125 0.4518229166666667 0.115625 0.22265625
0 0.70859375 0.9322916666666666 0.19765625 0.1328125
0 0.26640625 0.3203125 0.1453125 0.10807291666666667
0 0.4421875 0.3606770833333333 0.128125 0.15234375
0 0.82890625 0.21875 0.0625 0.09765625
0 0.5578125 0.2578125 0.0921875 0.11067708333333333
0 0.74609375 0.2799479166666667 0.090625 0.1328125
0 0.62890625 0.21223958333333334 0.06796875 0.08854166666666667
0 0.5609375 0.18880208333333334 0.08046875 0.08463541666666667
0 0.80546875 0.11848958333333333 0.03828125 0.05859375
0 0.76875 0.08203125 0.03203125 0.032552083333333336
0 0.896875 0.049479166666666664 0.02265625 0.03125
0 0.71875 0.11458333333333333 0.03984375 0.040364583333333336
0 0.86640625 0.08072916666666667 0.03125 0.040364583333333336
0 0.7390625 0.09505208333333333 0.02890625 0.022135416666666668
0 0.8046875 0.08072916666666667 0.025 0.033854166666666664
0 0.78125 0.06901041666666667 0.021875 0.036458333333333336
0 0.86953125 0.048177083333333336 0.01796875 0.01953125
0 0.86015625 0.0625 0.02578125 0.0234375
0 0.90546875 0.078125 0.009375 0.03515625
2 0.5296875 0.3372395833333333 0.02421875 0.0859375
1 0.5171875 0.40234375 0.04765625 0.078125
2 0.83359375 0.37890625 0.02109375 0.057291666666666664
2 0.89375 0.07161458333333333 0.00859375 0.020833333333333332
0 0.83359375 0.09244791666666667 0.02890625 0.03125
0 0.83984375 0.1328125 0.04140625 0.053385416666666664
0 0.8125 0.07161458333333333 0.02578125 0.032552083333333336
0 0.82890625 0.059895833333333336 0.025 0.029947916666666668
0 0.74609375 0.14322916666666666 0.04453125 0.06640625
0 0.759375 0.11848958333333333 0.0296875 0.049479166666666664
0 0.7765625 0.11979166666666667 0.02265625 0.041666666666666664
0 0.690625 0.16666666666666666 0.0625 0.07421875
0 0.7078125 0.24348958333333334 0.0703125 0.10677083333333333
0 0.63203125 0.15885416666666666 0.06484375 0.05859375
0 0.67734375 0.12630208333333334 0.05234375 0.0625