2 0.70859375 0.49609375 0.04140625 0.14322916666666666
2 0.31015625 0.3385416666666667 0.03046875 0.09505208333333333
2 0.77421875 0.328125 0.0171875 0.08333333333333333
2 0.771875 0.6106770833333334 0.04921875 0.1484375
2 0.78671875 0.3515625 0.0234375 0.059895833333333336
2 0.85703125 0.23567708333333334 0.021875 0.07161458333333333
2 0.80703125 0.2630208333333333 0.025 0.08072916666666667
2 0.83203125 0.24739583333333334 0.02109375 0.08072916666666667
2 0.85859375 0.15494791666666666 0.01484375 0.024739583333333332
2 0.8921875 0.15234375 0.01015625 0.0234375
2 0.78125 0.4661458333333333 0.03828125 0.09375
1 0.8921875 0.1796875 0.0140625 0.045572916666666664
1 0.77109375 0.68359375 0.046875 0.13541666666666666
1 0.8296875 0.2682291666666667 0.01953125 0.06770833333333333
1 0.8046875 0.2838541666666667 0.02265625 0.07161458333333333
1 0.85859375 0.1796875 0.0140625 0.045572916666666664
1 0.3109375 0.37109375 0.04765625 0.08463541666666667
1 0.70390625 0.5403645833333334 0.03359375 0.11979166666666667
1 0.8515625 0.3528645833333333 0.02734375 0.07291666666666667
1 0.85625 0.2565104166666667 0.0203125 0.059895833333333336
1 0.7796875 0.51171875 0.0390625 0.09114583333333333
1 0.7828125 0.3997395833333333 0.0328125 0.06901041666666667
0 0.71796875 0.2903645833333333 0.09140625 0.13020833333333334
0 0.6078125 0.6796875 0.14140625 0.3151041666666667
0 0.09921875 0.4713541666666667 0.1984375 0.21354166666666666
0 0.67109375 0.9114583333333334 0.23046875 0.17447916666666666
0 0.5578125 0.23567708333333334 0.08828125 0.11067708333333333
0 0.39921875 0.34765625 0.14375 0.15625
0 0.19921875 0.3567708333333333 0.16953125 0.14192708333333334
0 0.68671875 0.18489583333333334 0.0671875 0.08463541666666667
0 0.746875 0.15104166666666666 0.05234375 0.07161458333333333
0 0.64609375 0.15494791666666666 0.06015625 0.06901041666666667
0 0.81953125 0.140625 0.05078125 0.059895833333333336
0 0.8640625 0.07552083333333333 0.0265625 0.03515625
0 0.81875 0.10416666666666667 0.03984375 0.045572916666666664
0 0.8890625 0.12630208333333334 0.034375 0.057291666666666664
0 0.8984375 0.09114583333333333 0.02265625 0.036458333333333336
0 0.8515625 0.125 0.0296875 0.049479166666666664
0 0.8671875 0.046875 0.01953125 0.020833333333333332
0 0.6875 0.12109375 0.04453125 0.046875
0 0.75078125 0.07291666666666667 0.0453125 0.0546875
0 0.8296875 0.057291666666666664 0.02421875 0.029947916666666668
0 0.35078125 0.3307291666666667 0.1234375 0.15885416666666666
0 0.7875 0.07552083333333333 0.025 0.033854166666666664
0 0.809375 0.061197916666666664 0.02109375 0.029947916666666668
0 0.7546875 0.12239583333333333 0.04453125 0.0546875
0 0.76484375 0.09765625 0.04375 0.05078125
0 0.55 0.1953125 0.0796875 0.08984375
2 0.8515625 0.3151041666666667 0.02734375 0.06510416666666667