2 0.0375 0.6380208333333334 0.04375 0.17317708333333334
2 0.234375 0.6015625 0.04453125 0.15494791666666666
2 0.44140625 0.4817708333333333 0.03828125 0.140625
2 0.75546875 0.4739583333333333 0.03984375 0.11588541666666667
2 0.81875 0.7552083333333334 0.06953125 0.14583333333333334
2 0.546875 0.3815104166666667 0.03046875 0.10286458333333333
2 0.81640625 0.6966145833333334 0.03984375 0.09765625
2 0.8125 0.12239583333333333 0.0125 0.026041666666666668
2 0.69921875 0.23046875 0.0234375 0.040364583333333336
2 0.85625 0.109375 0.0109375 0.036458333333333336
2 0.82734375 0.08984375 0.009375 0.0234375
2 0.70546875 0.24609375 0.01171875 0.07552083333333333
2 0.85 0.2109375 0.01484375 0.033854166666666664
2 0.8265625 0.1328125 0.01328125 0.029947916666666668
2 0.871875 0.1796875 0.01640625 0.03515625
2 0.7828125 0.13411458333333334 0.0109375 0.02734375
2 0.70625 0.22916666666666666 0.0109375 0.040364583333333336
2 0.7765625 0.16536458333333334 0.01484375 0.029947916666666668
1 0.81796875 0.8463541666666666 0.0671875 0.18098958333333334
1 0.828125 0.3971354166666667 0.03359375 0.09765625
1 0.05546875 0.6796875 0.11015625 0.1328125
1 0.2359375 0.6536458333333334 0.11796875 0.13802083333333334
1 0.54765625 0.4192708333333333 0.03359375 0.10677083333333333
1 0.75546875 0.5299479166666666 0.04296875 0.11979166666666667
1 0.44609375 0.5221354166666666 0.06640625 0.11458333333333333
1 0.8125 0.14322916666666666 0.01328125 0.0390625
1 0.759375 0.3984375 0.0328125 0.08072916666666667
1 0.69765625 0.26953125 0.025 0.07161458333333333
1 0.8265625 0.14583333333333334 0.0140625 0.046875
1 0.85 0.24609375 0.01875 0.057291666666666664
1 0.87109375 0.2109375 0.01796875 0.05078125
1 0.7734375 0.20572916666666666 0.01953125 0.0546875
1 0.78203125 0.15755208333333334 0.01640625 0.040364583333333336
1 0.85625 0.1328125 0.01171875 0.033854166666666664
1 0.82734375 0.10807291666666667 0.01015625 0.02734375
0 0.11328125 0.5546875 0.22578125 0.2421875
0 0.41171875 0.4375 0.19765625 0.21614583333333334
0 0.609375 0.26953125 0.1015625 0.12890625
0 0.45 0.2643229166666667 0.10859375 0.1171875
0 0.57734375 0.2109375 0.08515625 0.10416666666666667
0 0.6453125 0.15885416666666666 0.06484375 0.078125
0 0.69921875 0.13932291666666666 0.0484375 0.06901041666666667
0 0.521875 0.20963541666666666 0.0671875 0.09765625
0 0.49296875 0.33203125 0.11171875 0.1171875
0 0.87109375 0.15755208333333334 0.04765625 0.07552083333333333
0 0.740625 0.14453125 0.05078125 0.07161458333333333
0 0.7671875 0.07161458333333333 0.02734375 0.026041666666666668
0 0.7625 0.11067708333333333 0.04296875 0.0546875
0 0.78828125 0.09765625 0.03046875 0.044270833333333336
0 0.35625 0.3229166666666667 0.09453125 0.11588541666666667
0 0.89375 0.061197916666666664 0.025 0.033854166666666664
0 0.871875 0.045572916666666664 0.01953125 0.022135416666666668
0 0.8703125 0.07942708333333333 0.03203125 0.045572916666666664
0 0.1125 0.3776041666666667 0.14609375 0.13671875
0 0.85 0.0625 0.028125 0.0390625
0 0.04609375 0.4609375 0.0921875 0.14453125
0 0.25625 0.3971354166666667 0.178125 0.22265625
0 0.853125 0.044270833333333336 0.01640625 0.014322916666666666
2 0.759375 0.34765625 0.0328125 0.07291666666666667
2 0.82890625 0.3489583333333333 0.034375 0.07421875