2 0.82578125 0.7278645833333334 0.06328125 0.19010416666666666
2 0.06328125 0.5950520833333334 0.05390625 0.16276041666666666
2 0.8203125 0.33984375 0.02734375 0.09114583333333333
2 0.78984375 0.4049479166666667 0.03515625 0.10416666666666667
2 0.27265625 0.51171875 0.034375 0.15364583333333334
2 0.81015625 0.4895833333333333 0.03984375 0.13671875
2 0.453125 0.4166666666666667 0.0328125 0.11067708333333333
2 0.54921875 0.3802083333333333 0.03046875 0.10416666666666667
2 0.6875 0.24088541666666666 0.025 0.06510416666666667
2 0.57734375 0.3098958333333333 0.01796875 0.078125
2 0.62421875 0.3151041666666667 0.02421875 0.09114583333333333
2 0.89609375 0.125 0.01484375 0.028645833333333332
2 0.871875 0.15494791666666666 0.01328125 0.040364583333333336
2 0.8890625 0.17447916666666666 0.0125 0.03125
2 0.72890625 0.4010416666666667 0.03515625 0.07161458333333333
2 0.765625 0.12630208333333334 0.009375 0.0234375
2 0.7859375 0.3815104166666667 0.02109375 0.059895833333333336
2 0.28203125 0.4401041666666667 0.02109375 0.10416666666666667
2 0.73828125 0.421875 0.02578125 0.109375
1 0.45859375 0.4583333333333333 0.05390625 0.1015625
1 0.83671875 0.21484375 0.01953125 0.055989583333333336
1 0.81015625 0.5338541666666666 0.040625 0.11979166666666667
1 0.06875 0.6497395833333334 0.12265625 0.13020833333333334
1 0.8296875 0.8190104166666666 0.06484375 0.19140625
1 0.7640625 0.14973958333333334 0.01328125 0.0390625
1 0.7875 0.4544270833333333 0.03046875 0.10026041666666667
1 0.87265625 0.18489583333333334 0.015625 0.046875
1 0.27265625 0.5533854166666666 0.08046875 0.13671875
1 0.88828125 0.19270833333333334 0.015625 0.046875
1 0.5734375 0.328125 0.03671875 0.07682291666666667
1 0.68828125 0.2786458333333333 0.028125 0.07552083333333333
1 0.55 0.4075520833333333 0.04296875 0.09765625
1 0.8953125 0.14583333333333334 0.0140625 0.0390625
1 0.74765625 0.15885416666666666 0.015625 0.032552083333333336
1 0.8203125 0.3723958333333333 0.028125 0.08203125
1 0.728125 0.453125 0.03515625 0.08463541666666667
1 0.62265625 0.3450520833333333 0.03125 0.08723958333333333
0 0.6671875 0.6015625 0.14765625 0.3033854166666667
0 0.1015625 0.5520833333333334 0.20234375 0.24479166666666666
0 0.2609375 0.3424479166666667 0.1578125 0.16796875
0 0.784375 0.2760416666666667 0.07734375 0.13932291666666666
0 0.3703125 0.3684895833333333 0.16953125 0.19401041666666666
0 0.50234375 0.24479166666666666 0.09765625 0.11067708333333333
0 0.55078125 0.2682291666666667 0.10546875 0.12109375
0 0.6453125 0.22005208333333334 0.0796875 0.10416666666666667
0 0.39296875 0.2578125 0.09453125 0.09244791666666667
0 0.7140625 0.18098958333333334 0.05859375 0.08072916666666667
0 0.8546875 0.13671875 0.03828125 0.061197916666666664
0 0.825 0.10807291666666667 0.04140625 0.05859375
0 0.046875 0.3671875 0.09296875 0.048177083333333336
0 0.771875 0.11588541666666667 0.04296875 0.053385416666666664
0 0.9015625 0.07421875 0.01796875 0.029947916666666668
0 0.72265625 0.11979166666666667 0.02890625 0.036458333333333336
0 0.60625 0.1875 0.07890625 0.09765625
0 0.50703125 0.1875 0.04765625 0.048177083333333336
0 0.7 0.13151041666666666 0.05546875 0.037760416666666664
0 0.83359375 0.06770833333333333 0.021875 0.020833333333333332
0 0.66953125 0.15885416666666666 0.0515625 0.0546875
0 0.8453125 0.055989583333333336 0.02109375 0.03125
0 0.76796875 0.08072916666666667 0.0265625 0.0234375
0 0.88359375 0.061197916666666664 0.025 0.033854166666666664
0 0.78984375 0.09895833333333333 0.0296875 0.049479166666666664
0 0.81328125 0.08463541666666667 0.02421875 0.02734375
0 0.8078125 0.05859375 0.03046875 0.028645833333333332
0 0.7390625 0.1015625 0.0421875 0.049479166666666664
0 0.88046875 0.044270833333333336 0.02265625 0.016927083333333332
0 0.059375 0.4361979166666667 0.11875 0.18489583333333334
2 0.746875 0.13802083333333334 0.01328125 0.032552083333333336
2 0.83671875 0.19270833333333334 0.0203125 0.05078125
0 0.878125 0.09244791666666667 0.0265625 0.036458333333333336