2 0.8 0.6197916666666666 0.05546875 0.18880208333333334
2 0.83515625 0.4466145833333333 0.034375 0.1171875
2 0.74453125 0.2760416666666667 0.02109375 0.08854166666666667
2 0.6484375 0.3151041666666667 0.0296875 0.09895833333333333
2 0.58828125 0.28515625 0.021875 0.046875
2 0.61796875 0.18489583333333334 0.0171875 0.045572916666666664
2 0.87109375 0.2630208333333333 0.025 0.07291666666666667
2 0.7609375 0.171875 0.0171875 0.057291666666666664
2 0.70546875 0.24739583333333334 0.02265625 0.0703125
2 0.72734375 0.3190104166666667 0.02421875 0.08854166666666667
2 0.65625 0.3111979166666667 0.01484375 0.09375
2 0.8765625 0.2578125 0.0140625 0.06640625
2 0.89140625 0.16927083333333334 0.01171875 0.032552083333333336
2 0.5859375 0.19270833333333334 0.0140625 0.032552083333333336
1 0.86953125 0.2916666666666667 0.02578125 0.07682291666666667
1 0.83515625 0.484375 0.03515625 0.11067708333333333
1 0.76171875 0.1875 0.01875 0.049479166666666664
1 0.8 0.6822916666666666 0.05546875 0.15625
1 0.72734375 0.3463541666666667 0.025 0.07552083333333333
1 0.696875 0.3658854166666667 0.02890625 0.08723958333333333
1 0.5859375 0.3072916666666667 0.0296875 0.0546875
1 0.74296875 0.2994791666666667 0.021875 0.06510416666666667
1 0.89140625 0.19791666666666666 0.01328125 0.049479166666666664
1 0.6484375 0.3177083333333333 0.03125 0.05078125
1 0.70625 0.27734375 0.0265625 0.052083333333333336
0 0.4140625 0.36328125 0.16171875 0.17447916666666666
0 0.66015625 0.54296875 0.13046875 0.25390625
0 0.63515625 0.83203125 0.19375 0.3346354166666667
0 0.77578125 0.3763020833333333 0.1 0.17838541666666666
0 0.80078125 0.10286458333333333 0.03515625 0.04296875
0 0.81484375 0.24348958333333334 0.06484375 0.09505208333333333
0 0.590625 0.4153645833333333 0.1359375 0.2109375
0 0.646875 0.20833333333333334 0.0765625 0.09895833333333333
0 0.196875 0.3567708333333333 0.15859375 0.14453125
0 0.55390625 0.2760416666666667 0.115625 0.14192708333333334
0 0.09296875 0.4947916666666667 0.18515625 0.2565104166666667
0 0.38984375 0.2825520833333333 0.13828125 0.14583333333333334
0 0.5171875 0.23177083333333334 0.09609375 0.109375
0 0.84609375 0.16276041666666666 0.0421875 0.07161458333333333
0 0.8828125 0.13020833333333334 0.03125 0.061197916666666664
0 0.70625 0.16927083333333334 0.05859375 0.08203125
0 0.59609375 0.15755208333333334 0.084375 0.10677083333333333
0 0.75703125 0.13932291666666666 0.04921875 0.06510416666666667
0 0.9 0.08072916666666667 0.0234375 0.048177083333333336
0 0.84765625 0.08333333333333333 0.02890625 0.033854166666666664
0 0.696875 0.13411458333333334 0.0546875 0.061197916666666664
0 0.8125 0.061197916666666664 0.02578125 0.033854166666666664
0 0.84375 0.055989583333333336 0.02421875 0.029947916666666668
0 0.7359375 0.1015625 0.03828125 0.040364583333333336
0 0.74609375 0.1171875 0.04140625 0.0390625
0 0.8609375 0.07421875 0.02421875 0.033854166666666664
0 0.68828125 0.109375 0.028125 0.033854166666666664
0 0.84921875 0.13020833333333334 0.03828125 0.055989583333333336
2 0.80703125 0.62890625 0.04140625 0.16276041666666666
2 0.6984375 0.32421875 0.02265625 0.0703125