2 0.5359375 0.8658854166666666 0.06640625 0.23828125
2 0.79453125 0.4127604166666667 0.0375 0.12760416666666666
2 0.79453125 0.5234375 0.03359375 0.07942708333333333
2 0.6140625 0.6692708333333334 0.05390625 0.18489583333333334
2 0.67890625 0.59375 0.04140625 0.12239583333333333
2 0.721875 0.52734375 0.04296875 0.14192708333333334
2 0.78046875 0.6236979166666666 0.04921875 0.11588541666666667
2 0.8546875 0.3059895833333333 0.02265625 0.049479166666666664
2 0.4546875 0.3567708333333333 0.02890625 0.10026041666666667
2 0.64921875 0.2565104166666667 0.02265625 0.052083333333333336
2 0.2515625 0.48828125 0.04140625 0.12239583333333333
2 0.54296875 0.7903645833333334 0.0515625 0.0859375
2 0.73828125 0.4895833333333333 0.02109375 0.07942708333333333
2 0.23203125 0.50390625 0.03828125 0.13932291666666666
2 0.84140625 0.22005208333333334 0.01640625 0.0390625
2 0.65859375 0.2109375 0.01953125 0.040364583333333336
2 0.7359375 0.46875 0.015625 0.036458333333333336
2 0.828125 0.13671875 0.01171875 0.032552083333333336
2 0.6140625 0.6575520833333334 0.04453125 0.09895833333333333
1 0.45546875 0.3880208333333333 0.04453125 0.09505208333333333
1 0.67734375 0.66015625 0.04609375 0.15885416666666666
1 0.6109375 0.7643229166666666 0.06015625 0.1796875
1 0.23515625 0.5325520833333334 0.1 0.12369791666666667
1 0.89453125 0.15104166666666666 0.01328125 0.033854166666666664
1 0.53828125 0.9296875 0.06171875 0.13932291666666666
1 0.71953125 0.5677083333333334 0.05078125 0.12890625
1 0.85625 0.359375 0.03046875 0.08984375
1 0.82578125 0.15885416666666666 0.01328125 0.041666666666666664
1 0.646875 0.2955729166666667 0.03046875 0.07291666666666667
1 0.7921875 0.44921875 0.0390625 0.109375
1 0.7796875 0.6549479166666666 0.05078125 0.06510416666666667
1 0.8453125 0.2604166666666667 0.01796875 0.061197916666666664
1 0.76875 0.21354166666666666 0.0203125 0.053385416666666664
1 0.6578125 0.24739583333333334 0.0234375 0.055989583333333336
1 0.7890625 0.5846354166666666 0.03671875 0.078125
0 0.0453125 0.59375 0.090625 0.20963541666666666
0 0.60625 0.4375 0.12578125 0.22005208333333334
0 0.8 0.8385416666666666 0.2421875 0.3216145833333333
0 0.2078125 0.46484375 0.20390625 0.21744791666666666
0 0.80078125 0.2760416666666667 0.08203125 0.13932291666666666
0 0.53671875 0.2552083333333333 0.10078125 0.12369791666666667
0 0.68984375 0.18229166666666666 0.06953125 0.09114583333333333
0 0.18359375 0.3736979166666667 0.17734375 0.16145833333333334
0 0.4984375 0.22395833333333334 0.0828125 0.08854166666666667
0 0.3875 0.34375 0.16171875 0.16666666666666666
0 0.7828125 0.11979166666666667 0.03828125 0.055989583333333336
0 0.6015625 0.20572916666666666 0.0765625 0.1015625
0 0.74453125 0.1484375 0.059375 0.06901041666666667
0 0.42578125 0.2669270833333333 0.10234375 0.07552083333333333
0 0.5765625 0.1640625 0.06953125 0.06510416666666667
0 0.84375 0.13151041666666666 0.04296875 0.053385416666666664
0 0.82265625 0.10677083333333333 0.0359375 0.049479166666666664
0 0.71328125 0.1015625 0.04609375 0.04296875
0 0.86484375 0.10546875 0.02578125 0.046875
0 0.809375 0.06380208333333333 0.02734375 0.032552083333333336
0 0.6796875 0.14583333333333334 0.053125 0.061197916666666664
0 0.88671875 0.08072916666666667 0.028125 0.037760416666666664
0 0.8703125 0.049479166666666664 0.01640625 0.02734375
0 0.89453125 0.044270833333333336 0.01328125 0.0234375
0 0.84375 0.0546875 0.0234375 0.015625
0 0.84296875 0.08072916666666667 0.03203125 0.04296875
0 0.88203125 0.053385416666666664 0.01484375 0.015625
0 0.8390625 0.07161458333333333 0.02421875 0.02734375
0 0.871875 0.044270833333333336 0.01328125 0.015625
0 0.6328125 0.13151041666666666 0.03828125 0.05078125
2 0.76875 0.17578125 0.01875 0.036458333333333336
2 0.89375 0.12630208333333334 0.01328125 0.029947916666666668