2 0.85859375 0.24739583333333334 0.015625 0.06380208333333333
2 0.5140625 0.5638020833333334 0.04375 0.15494791666666666
2 0.675 0.3203125 0.02734375 0.09375
2 0.7140625 0.2916666666666667 0.02578125 0.09114583333333333
2 0.24765625 0.3645833333333333 0.03671875 0.09895833333333333
2 0.75390625 0.24348958333333334 0.02890625 0.06510416666666667
2 0.503125 0.3072916666666667 0.03125 0.08984375
2 0.32109375 0.2994791666666667 0.01640625 0.08854166666666667
2 0.75625 0.3802083333333333 0.03359375 0.059895833333333336
2 0.7796875 0.15625 0.0171875 0.033854166666666664
2 0.75859375 0.2864583333333333 0.02109375 0.046875
0 0.8 0.09375 0.034375 0.04296875
2 0.81171875 0.09375 0.0109375 0.033854166666666664
1 0.32109375 0.3138020833333333 0.034375 0.0625
1 0.51328125 0.62109375 0.04296875 0.13020833333333334
1 0.671875 0.34765625 0.03125 0.08723958333333333
1 0.8984375 0.16927083333333334 0.01328125 0.045572916666666664
1 0.25390625 0.3971354166666667 0.05859375 0.08203125
1 0.77890625 0.18359375 0.01796875 0.05078125
1 0.7125 0.3190104166666667 0.02578125 0.06901041666666667
1 0.5015625 0.3333333333333333 0.04765625 0.08203125
1 0.75625 0.32421875 0.02578125 0.06510416666666667
1 0.75625 0.421875 0.03359375 0.08463541666666667
1 0.746875 0.27734375 0.028125 0.05859375
1 0.8125 0.11458333333333333 0.01328125 0.036458333333333336
0 0.61171875 0.8098958333333334 0.21171875 0.3802083333333333
0 0.1328125 0.4453125 0.19609375 0.19661458333333334
0 0.69609375 0.5208333333333334 0.1265625 0.2526041666666667
0 0.86015625 0.33203125 0.09609375 0.15364583333333334
0 0.63515625 0.23567708333333334 0.090625 0.1171875
0 0.8234375 0.19270833333333334 0.06640625 0.0859375
0 0.44765625 0.2565104166666667 0.12265625 0.11067708333333333
0 0.58515625 0.21354166666666666 0.08828125 0.11979166666666667
0 0.834375 0.12760416666666666 0.04453125 0.0546875
0 0.7125 0.18619791666666666 0.06171875 0.07942708333333333
0 0.71640625 0.12239583333333333 0.046875 0.0546875
0 0.67890625 0.15755208333333334 0.06171875 0.07161458333333333
0 0.2375 0.3489583333333333 0.1515625 0.11458333333333333
0 0.88828125 0.11458333333333333 0.02734375 0.046875
0 0.78125 0.13020833333333334 0.0453125 0.057291666666666664
0 0.83984375 0.07552083333333333 0.02890625 0.0390625
0 0.7671875 0.10807291666666667 0.03671875 0.045572916666666664
0 0.6234375 0.17057291666666666 0.03515625 0.055989583333333336
0 0.8625 0.048177083333333336 0.02265625 0.029947916666666668
0 0.74609375 0.09114583333333333 0.02890625 0.036458333333333336
0 0.8828125 0.0625 0.02265625 0.033854166666666664
0 0.75859375 0.0703125 0.02421875 0.0234375
0 0.89765625 0.09114583333333333 0.02265625 0.033854166666666664
0 0.80703125 0.055989583333333336 0.02421875 0.020833333333333332
0 0.80078125 0.07161458333333333 0.02890625 0.022135416666666668
0 0.403125 0.3658854166666667 0.14609375 0.15364583333333334
2 0.8984375 0.14713541666666666 0.01328125 0.033854166666666664