2 0.55703125 0.7005208333333334 0.05390625 0.1796875
2 0.6203125 0.8684895833333334 0.07265625 0.23046875
2 0.5359375 0.3489583333333333 0.0328125 0.09765625
2 0.596875 0.5130208333333334 0.03828125 0.14322916666666666
2 0.68359375 0.4401041666666667 0.03671875 0.07552083333333333
2 0.6140625 0.50390625 0.02109375 0.12369791666666667
2 0.85625 0.27734375 0.028125 0.08723958333333333
2 0.8375 0.12369791666666667 0.01640625 0.04296875
2 0.725 0.3815104166666667 0.0265625 0.055989583333333336
2 0.7828125 0.15364583333333334 0.01171875 0.02734375
2 0.7859375 0.3723958333333333 0.0296875 0.06380208333333333
1 0.55625 0.7643229166666666 0.05625 0.18098958333333334
1 0.62109375 0.9296875 0.08046875 0.13932291666666666
1 0.7828125 0.18489583333333334 0.0140625 0.044270833333333336
1 0.59609375 0.5598958333333334 0.03828125 0.12890625
1 0.534375 0.3841145833333333 0.04375 0.10026041666666667
1 0.59375 0.2864583333333333 0.03125 0.0703125
1 0.721875 0.4309895833333333 0.0328125 0.08072916666666667
1 0.7828125 0.5338541666666666 0.0390625 0.1328125
1 0.7453125 0.18489583333333334 0.01796875 0.052083333333333336
2 0.7828125 0.45703125 0.0359375 0.07291666666666667
1 0.78359375 0.4244791666666667 0.03515625 0.078125
1 0.85546875 0.2994791666666667 0.02890625 0.08203125
1 0.83828125 0.14583333333333334 0.0171875 0.03125
1 0.68046875 0.4986979166666667 0.03671875 0.09244791666666667
1 0.8328125 0.4973958333333333 0.0484375 0.12630208333333334
0 0.39296875 0.4622395833333333 0.18984375 0.21875
0 0.0984375 0.4817708333333333 0.196875 0.22395833333333334
0 0.659375 0.3528645833333333 0.10390625 0.16666666666666666
0 0.8484375 0.19791666666666666 0.05859375 0.09765625
0 0.01875 0.4153645833333333 0.0375 0.1171875
0 0.7203125 0.6341145833333334 0.13515625 0.3307291666666667
0 0.8671875 0.9518229166666666 0.21328125 0.09505208333333333
0 0.5140625 0.2109375 0.08671875 0.07552083333333333
0 0.5734375 0.23046875 0.08984375 0.11067708333333333
0 0.3703125 0.3828125 0.16640625 0.18098958333333334
0 0.221875 0.3606770833333333 0.1671875 0.15364583333333334
0 0.8 0.109375 0.04140625 0.055989583333333336
0 0.87734375 0.10286458333333333 0.02890625 0.041666666666666664
0 0.703125 0.17447916666666666 0.06484375 0.08463541666666667
0 0.46953125 0.29296875 0.125 0.140625
0 0.4078125 0.26953125 0.10078125 0.08723958333333333
0 0.61640625 0.18489583333333334 0.090625 0.09895833333333333
0 0.7640625 0.13802083333333334 0.0546875 0.06770833333333333
0 0.66328125 0.12630208333333334 0.05078125 0.059895833333333336
0 0.721875 0.1171875 0.04375 0.0390625
0 0.76015625 0.08203125 0.01953125 0.020833333333333332
0 0.6 0.14973958333333334 0.05859375 0.057291666666666664
0 0.8359375 0.09505208333333333 0.03828125 0.044270833333333336
0 0.73359375 0.09244791666666667 0.0390625 0.03125
0 0.86484375 0.0859375 0.021875 0.036458333333333336
0 0.8078125 0.0625 0.028125 0.033854166666666664
0 0.83984375 0.057291666666666664 0.02265625 0.02734375
0 0.89921875 0.07161458333333333 0.021875 0.036458333333333336
0 0.8609375 0.06380208333333333 0.02421875 0.024739583333333332
0 0.87734375 0.049479166666666664 0.02265625 0.0234375
0 0.896875 0.0390625 0.01953125 0.018229166666666668
2 0.69765625 0.4296875 0.02109375 0.07942708333333333
2 0.83359375 0.4088541666666667 0.0484375 0.0859375
2 0.596875 0.2565104166666667 0.015625 0.07161458333333333
2 0.7453125 0.16015625 0.0171875 0.03515625