2 0.525 0.3229166666666667 0.03046875 0.10416666666666667
2 0.22734375 0.48828125 0.0375 0.12890625
2 0.803125 0.4986979166666667 0.0453125 0.12760416666666666
2 0.753125 0.5716145833333334 0.04921875 0.17057291666666666
2 0.84921875 0.3489583333333333 0.02734375 0.1015625
2 0.70703125 0.7604166666666666 0.05859375 0.21354166666666666
2 0.3859375 0.4557291666666667 0.03515625 0.14583333333333334
2 0.73359375 0.9388020833333334 0.06953125 0.12109375
2 0.6515625 0.26953125 0.03125 0.08072916666666667
2 0.84609375 0.89453125 0.071875 0.20833333333333334
2 0.703125 0.6692708333333334 0.03671875 0.07552083333333333
2 0.8625 0.14192708333333334 0.01015625 0.0234375
1 0.709375 0.8229166666666666 0.053125 0.13932291666666666
1 0.228125 0.5260416666666666 0.08359375 0.11979166666666667
1 0.38984375 0.4908854166666667 0.06328125 0.11458333333333333
1 0.74296875 0.21744791666666666 0.02109375 0.06510416666666667
1 0.753125 0.6302083333333334 0.0546875 0.1484375
1 0.8046875 0.5546875 0.04140625 0.12630208333333334
1 0.52578125 0.35546875 0.0453125 0.08854166666666667
1 0.85078125 0.3815104166666667 0.03125 0.09375
1 0.84609375 0.9231770833333334 0.0703125 0.15234375
1 0.86875 0.19791666666666666 0.0140625 0.04296875
1 0.6484375 0.30078125 0.0328125 0.07552083333333333
1 0.86015625 0.16796875 0.01484375 0.0390625
0 0.5390625 0.5989583333333334 0.15390625 0.3203125
0 0.753125 0.3619791666666667 0.10859375 0.18229166666666666
0 0.103125 0.48828125 0.20625 0.2265625
0 0.31015625 0.375 0.1875 0.19010416666666666
0 0.49296875 0.2265625 0.08828125 0.08333333333333333
0 0.6703125 0.19661458333333334 0.0734375 0.09765625
0 0.58125 0.21614583333333334 0.07890625 0.11067708333333333
0 0.5015625 0.27734375 0.1109375 0.13020833333333334
0 0.1765625 0.3606770833333333 0.1734375 0.13802083333333334
0 0.409375 0.2825520833333333 0.10546875 0.09635416666666667
0 0.8109375 0.16927083333333334 0.04609375 0.06770833333333333
0 0.7359375 0.14973958333333334 0.06015625 0.07161458333333333
0 0.6578125 0.16015625 0.05703125 0.07161458333333333
0 0.84765625 0.12109375 0.03515625 0.053385416666666664
0 0.8953125 0.1015625 0.03046875 0.07552083333333333
0 0.57421875 0.171875 0.07109375 0.07942708333333333
0 0.80234375 0.07552083333333333 0.03046875 0.0390625
0 0.7734375 0.12760416666666666 0.03671875 0.059895833333333336
0 0.81328125 0.11197916666666667 0.0375 0.052083333333333336
0 0.81484375 0.08463541666666667 0.03671875 0.040364583333333336
0 0.83984375 0.07682291666666667 0.02265625 0.036458333333333336
0 0.87265625 0.049479166666666664 0.01953125 0.0234375
0 0.865625 0.08333333333333333 0.0328125 0.04296875
0 0.62421875 0.13671875 0.05078125 0.046875
0 0.68671875 0.1171875 0.03515625 0.059895833333333336
1 0.82109375 0.8072916666666666 0.046875 0.10677083333333333
2 0.82421875 0.70703125 0.05703125 0.11067708333333333
2 0.74296875 0.18619791666666666 0.02109375 0.040364583333333336
2 0.86953125 0.16536458333333334 0.0125 0.033854166666666664
0 0.88046875 0.06640625 0.02265625 0.032552083333333336