2 0.21171875 0.5026041666666666 0.034375 0.15234375
2 0.43515625 0.3958333333333333 0.03125 0.109375
2 0.390625 0.4778645833333333 0.0359375 0.12630208333333334
2 0.2640625 0.5260416666666666 0.03828125 0.13932291666666666
2 0.80703125 0.4231770833333333 0.03125 0.1015625
2 0.49375 0.41796875 0.0328125 0.10677083333333333
2 0.80546875 0.6536458333333334 0.04453125 0.17447916666666666
2 0.78359375 0.5338541666666666 0.046875 0.13541666666666666
2 0.81015625 0.2421875 0.02265625 0.06640625
2 0.71484375 0.5390625 0.053125 0.14322916666666666
2 0.7125 0.5013020833333334 0.03203125 0.0703125
2 0.85 0.1953125 0.01484375 0.036458333333333336
2 0.875 0.21484375 0.01796875 0.036458333333333336
1 0.75234375 0.16276041666666666 0.01328125 0.037760416666666664
2 0.75234375 0.13541666666666666 0.01015625 0.026041666666666668
2 0.575 0.3697916666666667 0.03359375 0.10286458333333333
1 0.81015625 0.7200520833333334 0.05546875 0.15885416666666666
1 0.809375 0.2643229166666667 0.025 0.06380208333333333
1 0.49375 0.4583333333333333 0.05078125 0.11328125
1 0.8046875 0.4596354166666667 0.0359375 0.09505208333333333
1 0.2078125 0.5299479166666666 0.06484375 0.11458333333333333
1 0.39453125 0.5091145833333334 0.07421875 0.12369791666666667
1 0.43828125 0.4244791666666667 0.05390625 0.09375
1 0.57578125 0.41015625 0.04375 0.10416666666666667
1 0.875 0.24609375 0.01875 0.053385416666666664
1 0.71328125 0.5924479166666666 0.04375 0.11067708333333333
1 0.78125 0.6067708333333334 0.03828125 0.12760416666666666
1 0.9015625 0.16276041666666666 0.01171875 0.040364583333333336
1 0.2734375 0.5755208333333334 0.08984375 0.11979166666666667
1 0.0234375 0.65234375 0.046875 0.11197916666666667
1 0.85078125 0.23177083333333334 0.02109375 0.046875
1 0.87890625 0.17838541666666666 0.01328125 0.036458333333333336
1 0.89609375 0.14453125 0.01015625 0.033854166666666664
2 0.87890625 0.15234375 0.01328125 0.03515625
1 0.8875 0.12369791666666667 0.00859375 0.032552083333333336
0 0.67265625 0.80078125 0.18515625 0.3958333333333333
0 0.31328125 0.3984375 0.19296875 0.20963541666666666
0 0.7484375 0.33984375 0.09453125 0.17578125
0 0.53359375 0.28515625 0.109375 0.13671875
0 0.634375 0.22395833333333334 0.08203125 0.11067708333333333
0 0.20703125 0.3671875 0.1703125 0.16796875
0 0.828125 0.16666666666666666 0.0484375 0.07161458333333333
0 0.03671875 0.5611979166666666 0.07265625 0.1875
0 0.4875 0.25390625 0.09765625 0.1171875
0 0.6015625 0.19270833333333334 0.0734375 0.09765625
0 0.50234375 0.19010416666666666 0.04765625 0.04296875
0 0.7015625 0.18880208333333334 0.06484375 0.08203125
0 0.36640625 0.2747395833333333 0.1 0.10416666666666667
0 0.66171875 0.15494791666666666 0.05703125 0.046875
0 0.021875 0.4388020833333333 0.04296875 0.11588541666666667
0 0.7265625 0.125 0.03828125 0.048177083333333336
0 0.725 0.10546875 0.05 0.052083333333333336
0 0.76171875 0.0859375 0.02890625 0.033854166666666664
0 0.76875 0.1171875 0.03984375 0.053385416666666664
0 0.89140625 0.07942708333333333 0.02734375 0.03515625
0 0.8453125 0.055989583333333336 0.02265625 0.029947916666666668
0 0.87109375 0.06510416666666667 0.025 0.03125
0 0.83046875 0.0703125 0.02578125 0.02734375
0 0.78359375 0.09244791666666667 0.02890625 0.032552083333333336
0 0.8078125 0.11979166666666667 0.04296875 0.059895833333333336
0 0.81015625 0.07942708333333333 0.02578125 0.020833333333333332
0 0.80625 0.061197916666666664 0.0296875 0.033854166666666664
0 0.87421875 0.044270833333333336 0.0265625 0.018229166666666668
2 0.903125 0.1328125 0.0109375 0.0234375
2 0.89609375 0.12369791666666667 0.00859375 0.02734375
2 0.88828125 0.10416666666666667 0.00859375 0.028645833333333332
0 0.8640625 0.10416666666666667 0.03046875 0.048177083333333336
0 0.70390625 0.140625 0.0453125 0.04296875