2 0.7 0.5611979166666666 0.04453125 0.14973958333333334
2 0.84140625 0.3606770833333333 0.02578125 0.09375
2 0.771875 0.5364583333333334 0.04609375 0.15234375
2 0.78515625 0.3372395833333333 0.015625 0.1015625
2 0.25234375 0.3671875 0.02890625 0.1015625
2 0.76640625 0.4036458333333333 0.03125 0.1171875
2 0.86015625 0.25 0.02265625 0.078125
2 0.83203125 0.24609375 0.021875 0.0625
2 0.8015625 0.2682291666666667 0.0234375 0.07552083333333333
2 0.79296875 0.7317708333333334 0.06328125 0.171875
2 0.784375 0.5065104166666666 0.02265625 0.09114583333333333
2 0.85078125 0.16796875 0.015625 0.029947916666666668
1 0.83984375 0.3919270833333333 0.03125 0.09765625
1 0.70234375 0.60546875 0.04921875 0.1484375
1 0.253125 0.3997395833333333 0.06015625 0.09114583333333333
1 0.771875 0.58984375 0.04453125 0.1328125
1 0.859375 0.2747395833333333 0.021875 0.06901041666666667
1 0.7625 0.4348958333333333 0.03828125 0.11067708333333333
1 0.88828125 0.19140625 0.01640625 0.046875
1 0.85 0.1953125 0.015625 0.05078125
1 0.83046875 0.2760416666666667 0.02578125 0.07682291666666667
1 0.7921875 0.8072916666666666 0.06328125 0.17838541666666666
1 0.79921875 0.2942708333333333 0.02734375 0.078125
0 0.7109375 0.296875 0.0953125 0.13411458333333334
0 0.07734375 0.46875 0.1546875 0.18489583333333334
0 0.61328125 0.77734375 0.15703125 0.3776041666666667
0 0.365625 0.3671875 0.15546875 0.16536458333333334
0 0.5421875 0.24348958333333334 0.0921875 0.11588541666666667
0 0.33671875 0.3125 0.125 0.10807291666666667
0 0.675 0.19270833333333334 0.0703125 0.08854166666666667
0 0.634375 0.16015625 0.0625 0.06901041666666667
0 0.8140625 0.14192708333333334 0.0515625 0.061197916666666664
0 0.859375 0.078125 0.028125 0.03515625
0 0.81171875 0.10546875 0.040625 0.044270833333333336
0 0.884375 0.13541666666666666 0.03671875 0.06380208333333333
0 0.16484375 0.3684895833333333 0.16953125 0.14713541666666666
0 0.6765625 0.12760416666666666 0.0484375 0.05078125
0 0.84765625 0.125 0.03046875 0.049479166666666664
0 0.5375 0.19791666666666666 0.08671875 0.09114583333333333
0 0.89765625 0.09895833333333333 0.02421875 0.04296875
0 0.8296875 0.057291666666666664 0.025 0.029947916666666668
0 0.7875 0.07291666666666667 0.02421875 0.036458333333333336
0 0.75078125 0.07161458333333333 0.0453125 0.052083333333333336
0 0.86796875 0.048177083333333336 0.01875 0.0234375
0 0.73828125 0.15494791666666666 0.0546875 0.07291666666666667
0 0.7578125 0.1015625 0.03671875 0.049479166666666664
0 0.80859375 0.059895833333333336 0.021875 0.029947916666666668
2 0.88828125 0.17317708333333334 0.01640625 0.045572916666666664
0 0.7453125 0.12760416666666666 0.0484375 0.059895833333333336