2 0.75 0.5833333333333334 0.0515625 0.15625
2 0.67265625 0.2994791666666667 0.01796875 0.11067708333333333
2 0.87578125 0.875 0.08671875 0.24479166666666666
2 0.815625 0.4453125 0.03515625 0.1171875
2 0.6203125 0.28515625 0.02421875 0.07291666666666667
1 0.103125 0.3880208333333333 0.0640625 0.033854166666666664
2 0.103125 0.3619791666666667 0.0234375 0.06510416666666667
2 0.78046875 0.19661458333333334 0.01796875 0.059895833333333336
2 0.27734375 0.3216145833333333 0.01875 0.09244791666666667
2 0.2984375 0.3489583333333333 0.0203125 0.07942708333333333
2 0.15078125 0.3528645833333333 0.02421875 0.0625
2 0.203125 0.390625 0.028125 0.125
1 0.77734375 0.20442708333333334 0.01328125 0.03515625
2 0.87578125 0.2747395833333333 0.021875 0.078125
2 0.73984375 0.21744791666666666 0.01953125 0.0625
2 0.215625 0.3645833333333333 0.0171875 0.09505208333333333
2 0.76171875 0.2513020833333333 0.015625 0.022135416666666668
2 0.8859375 0.1875 0.01328125 0.04296875
2 0.19296875 0.3307291666666667 0.01875 0.0703125
2 0.85625 0.3046875 0.0234375 0.041666666666666664
2 0.83046875 0.2604166666666667 0.0203125 0.046875
2 0.88828125 0.203125 0.01796875 0.04296875
2 0.88515625 0.8359375 0.06328125 0.16536458333333334
1 0.7546875 0.6393229166666666 0.05390625 0.15364583333333334
1 0.81640625 0.4817708333333333 0.03828125 0.11848958333333333
1 0.85546875 0.34765625 0.0234375 0.08723958333333333
1 0.8734375 0.9322916666666666 0.10390625 0.13411458333333334
1 0.875 0.30078125 0.02265625 0.06901041666666667
1 0.81328125 0.328125 0.02734375 0.08203125
1 0.27421875 0.34765625 0.04609375 0.08072916666666667
1 0.83125 0.30078125 0.01953125 0.06770833333333333
1 0.6203125 0.3059895833333333 0.02890625 0.08203125
1 0.7046875 0.2513020833333333 0.02734375 0.07161458333333333
1 0.73828125 0.23177083333333334 0.0203125 0.045572916666666664
1 0.84375 0.11588541666666667 0.01328125 0.03125
1 0.8875 0.23177083333333334 0.01640625 0.03515625
1 0.209375 0.41015625 0.05234375 0.08203125
0 0.5046875 0.4765625 0.2265625 0.2421875
0 0.35703125 0.3971354166666667 0.19296875 0.19401041666666666
0 0.73515625 0.3528645833333333 0.08515625 0.15625
0 0.08359375 0.5859375 0.1671875 0.23958333333333334
0 0.53203125 0.2994791666666667 0.1140625 0.140625
0 0.84296875 0.20963541666666666 0.053125 0.10416666666666667
0 0.52734375 0.20963541666666666 0.0828125 0.08984375
0 0.615625 0.2265625 0.08046875 0.09895833333333333
0 0.10625 0.48046875 0.2125 0.20052083333333334
0 0.58671875 0.17708333333333334 0.0625 0.07942708333333333
0 0.8765625 0.13151041666666666 0.0359375 0.06380208333333333
0 0.759375 0.2669270833333333 0.06484375 0.10416666666666667
0 0.73515625 0.14192708333333334 0.04921875 0.057291666666666664
0 0.68515625 0.1875 0.06328125 0.08723958333333333
0 0.66875 0.15104166666666666 0.06015625 0.06380208333333333
0 0.3796875 0.2864583333333333 0.14765625 0.13671875
0 0.0265625 0.421875 0.053125 0.1015625
0 0.7609375 0.11979166666666667 0.04140625 0.05078125
0 0.88046875 0.078125 0.02734375 0.037760416666666664
0 0.8171875 0.12109375 0.04453125 0.061197916666666664
0 0.77265625 0.08463541666666667 0.02890625 0.03125
0 0.69375 0.11588541666666667 0.0421875 0.045572916666666664
0 0.79296875 0.10546875 0.02734375 0.046875
2 0.84375 0.09895833333333333 0.01328125 0.036458333333333336
0 0.85 0.09375 0.02578125 0.0390625
0 0.73203125 0.09895833333333333 0.03828125 0.0390625
0 0.75078125 0.07421875 0.028125 0.029947916666666668
0 0.8234375 0.07942708333333333 0.0296875 0.032552083333333336
0 0.890625 0.05078125 0.015625 0.01953125
0 0.8515625 0.057291666666666664 0.02421875 0.032552083333333336
2 0.81328125 0.2864583333333333 0.0265625 0.0703125
2 0.70859375 0.23177083333333334 0.01796875 0.06770833333333333