2 0.5265625 0.203125 0.0203125 0.03515625
2 0.7796875 0.6223958333333334 0.04453125 0.16145833333333334
2 0.42578125 0.7057291666666666 0.05390625 0.1640625
2 0.80546875 0.30859375 0.0265625 0.08854166666666667
2 0.70859375 0.3229166666666667 0.015625 0.0390625
2 0.77265625 0.7565104166666666 0.06171875 0.20052083333333334
2 0.84765625 0.25390625 0.01953125 0.059895833333333336
2 0.7984375 0.3424479166666667 0.02890625 0.08072916666666667
2 0.43125 0.63671875 0.03046875 0.06380208333333333
2 0.7875 0.7994791666666666 0.053125 0.19270833333333334
2 0.846875 0.2994791666666667 0.02421875 0.053385416666666664
2 0.86328125 0.171875 0.01484375 0.037760416666666664
2 0.0109375 0.5260416666666666 0.021875 0.09375
1 0.42421875 0.7877604166666666 0.05546875 0.18619791666666666
1 0.7984375 0.39453125 0.03046875 0.08854166666666667
1 0.78828125 0.8684895833333334 0.06015625 0.1875
1 0.0203125 0.5885416666666666 0.040625 0.08854166666666667
1 0.825 0.23828125 0.01796875 0.0625
1 0.8453125 0.34765625 0.02734375 0.08203125
1 0.86328125 0.19921875 0.01484375 0.044270833333333336
1 0.77890625 0.6705729166666666 0.04140625 0.10807291666666667
1 0.8859375 0.22135416666666666 0.01796875 0.053385416666666664
1 0.88828125 0.16276041666666666 0.01328125 0.037760416666666664
1 0.84609375 0.26953125 0.01953125 0.040364583333333336
0 0.6046875 0.6067708333333334 0.15703125 0.3307291666666667
0 0.53515625 0.2630208333333333 0.09375 0.109375
0 0.6953125 0.4348958333333333 0.1078125 0.18229166666666666
0 0.08359375 0.4778645833333333 0.16640625 0.16276041666666666
0 0.34921875 0.3723958333333333 0.184375 0.18619791666666666
0 0.7421875 0.2578125 0.08046875 0.11458333333333333
0 0.6296875 0.19270833333333334 0.07109375 0.09114583333333333
0 0.43203125 0.25390625 0.09765625 0.09244791666666667
0 0.08515625 0.4049479166666667 0.16640625 0.10677083333333333
0 0.31953125 0.3151041666666667 0.1359375 0.13932291666666666
0 0.6328125 0.15104166666666666 0.06953125 0.06770833333333333
0 0.8453125 0.12630208333333334 0.046875 0.05859375
0 0.73046875 0.16145833333333334 0.05546875 0.07161458333333333
0 0.7109375 0.12369791666666667 0.04921875 0.0546875
0 0.78046875 0.13151041666666666 0.04609375 0.059895833333333336
0 0.7390625 0.10286458333333333 0.0359375 0.04296875
0 0.90078125 0.09375 0.01953125 0.044270833333333336
0 0.8671875 0.048177083333333336 0.01953125 0.024739583333333332
0 0.7953125 0.10416666666666667 0.03828125 0.046875
0 0.75234375 0.0703125 0.04375 0.049479166666666664
0 0.83046875 0.057291666666666664 0.02109375 0.029947916666666668
0 0.853125 0.0859375 0.03515625 0.03515625
0 0.81875 0.08333333333333333 0.0328125 0.046875
0 0.7859375 0.06510416666666667 0.02421875 0.03125
0 0.86484375 0.11458333333333333 0.021875 0.044270833333333336
0 0.81015625 0.055989583333333336 0.01796875 0.0234375
2 0.82578125 0.203125 0.01953125 0.041666666666666664
2 0.8859375 0.1953125 0.01953125 0.04296875
2 0.8890625 0.13802083333333334 0.01484375 0.036458333333333336