2 0.33828125 0.5442708333333334 0.0421875 0.14713541666666666
2 0.8046875 0.6341145833333334 0.0453125 0.16276041666666666
2 0.1765625 0.5065104166666666 0.0390625 0.13020833333333334
2 0.19296875 0.5911458333333334 0.04765625 0.1484375
2 0.0328125 0.6106770833333334 0.04453125 0.15234375
2 0.8734375 0.875 0.07890625 0.20703125
2 0.85390625 0.3046875 0.025 0.08203125
2 0.85703125 0.8125 0.03828125 0.13020833333333334
2 0.88046875 0.19921875 0.01953125 0.055989583333333336
2 0.73984375 0.7890625 0.0515625 0.09765625
2 0.04921875 0.5390625 0.02578125 0.09895833333333333
2 0.8515625 0.21614583333333334 0.01796875 0.059895833333333336
2 0.7625 0.17578125 0.01484375 0.03125
2 0.74921875 0.82421875 0.07109375 0.1640625
2 0.809375 0.2565104166666667 0.02109375 0.045572916666666664
2 0.896875 0.12760416666666666 0.01015625 0.03125
2 0.76640625 0.3229166666666667 0.02578125 0.08463541666666667
1 0.04765625 0.64453125 0.09453125 0.12890625
1 0.75234375 0.9270833333333334 0.07421875 0.14322916666666666
1 0.3390625 0.5963541666666666 0.0953125 0.13932291666666666
1 0.8078125 0.6940104166666666 0.04921875 0.15104166666666666
1 0.76328125 0.3502604166666667 0.0328125 0.09375
1 0.89609375 0.14973958333333334 0.01328125 0.04296875
1 0.19921875 0.6458333333333334 0.10546875 0.13541666666666666
1 0.871875 0.9296875 0.08984375 0.13802083333333334
1 0.17890625 0.546875 0.09375 0.10677083333333333
1 0.85390625 0.3307291666666667 0.02578125 0.08203125
1 0.84921875 0.16666666666666666 0.0140625 0.04296875
1 0.84921875 0.23828125 0.01953125 0.05859375
1 0.8796875 0.21614583333333334 0.0171875 0.052083333333333336
1 0.81015625 0.3046875 0.028125 0.07552083333333333
0 0.196875 0.4440104166666667 0.22890625 0.22395833333333334
0 0.690625 0.46875 0.12421875 0.2526041666666667
0 0.49453125 0.3111979166666667 0.12109375 0.1484375
0 0.10234375 0.3984375 0.184375 0.171875
0 0.7703125 0.23177083333333334 0.06796875 0.1015625
0 0.62109375 0.234375 0.08515625 0.11197916666666667
0 0.4609375 0.265625 0.11015625 0.12369791666666667
0 0.58359375 0.203125 0.08515625 0.10026041666666667
0 0.7 0.11067708333333333 0.05 0.049479166666666664
0 0.3125 0.3151041666666667 0.11171875 0.13671875
0 0.653125 0.1640625 0.053125 0.048177083333333336
0 0.68984375 0.19791666666666666 0.06640625 0.08723958333333333
0 0.75 0.09505208333333333 0.03359375 0.04296875
0 0.871875 0.09244791666666667 0.02890625 0.0390625
0 0.8453125 0.12109375 0.03515625 0.055989583333333336
0 0.8296875 0.07161458333333333 0.02578125 0.03125
0 0.8546875 0.07291666666666667 0.02734375 0.033854166666666664
0 0.88828125 0.061197916666666664 0.02421875 0.029947916666666668
0 0.84609375 0.055989583333333336 0.02265625 0.02734375
0 0.86875 0.048177083333333336 0.021875 0.02734375
0 0.7890625 0.12760416666666666 0.04609375 0.06770833333333333
0 0.79765625 0.06770833333333333 0.02578125 0.018229166666666668
0 0.68515625 0.14453125 0.046875 0.041666666666666664
0 0.80703125 0.08984375 0.02734375 0.037760416666666664
0 0.78046875 0.08723958333333333 0.0296875 0.024739583333333332
0 0.734375 0.13151041666666666 0.03828125 0.053385416666666664
0 0.49296875 0.19791666666666666 0.05 0.044270833333333336
1 0.734375 0.17578125 0.015625 0.04296875
2 0.73515625 0.1484375 0.0140625 0.029947916666666668
2 0.8703125 0.16666666666666666 0.01484375 0.036458333333333336
1 0.86796875 0.19270833333333334 0.0140625 0.044270833333333336
2 0.85 0.14192708333333334 0.0140625 0.029947916666666668
0 0.76796875 0.11328125 0.0375 0.052083333333333336
1 0.8078125 0.16145833333333334 0.015625 0.036458333333333336
2 0.80859375 0.13802083333333334 0.01484375 0.032552083333333336