2 0.77265625 0.5416666666666666 0.04765625 0.14322916666666666
2 0.54140625 0.1640625 0.015625 0.033854166666666664
2 0.80859375 0.2994791666666667 0.02265625 0.059895833333333336
2 0.4296875 0.4075520833333333 0.02890625 0.11067708333333333
2 0.3328125 0.3190104166666667 0.028125 0.07942708333333333
2 0.78984375 0.5 0.034375 0.06770833333333333
2 0.5609375 0.3255208333333333 0.0375 0.10026041666666667
2 0.8734375 0.23177083333333334 0.01796875 0.06510416666666667
2 0.34609375 0.24479166666666666 0.01640625 0.052083333333333336
2 0.7921875 0.3684895833333333 0.03359375 0.055989583333333336
2 0.62890625 0.3333333333333333 0.0296875 0.0625
2 0.5578125 0.3190104166666667 0.02421875 0.07161458333333333
2 0.8484375 0.3268229166666667 0.01953125 0.05078125
2 0.8484375 0.3151041666666667 0.0140625 0.03125
2 0.40625 0.2265625 0.01796875 0.052083333333333336
2 0.89140625 0.15755208333333334 0.01328125 0.02734375
1 0.771875 0.6145833333333334 0.0453125 0.13541666666666666
1 0.6296875 0.3893229166666667 0.0359375 0.09765625
1 0.84453125 0.37890625 0.03203125 0.08072916666666667
1 0.80625 0.3359375 0.0265625 0.06770833333333333
1 0.43046875 0.4348958333333333 0.06015625 0.11197916666666667
1 0.559375 0.3606770833333333 0.0390625 0.09635416666666667
1 0.33515625 0.3671875 0.0546875 0.08984375
1 0.40390625 0.2565104166666667 0.03203125 0.06510416666666667
1 0.35390625 0.2734375 0.03125 0.078125
2 0.79375 0.4244791666666667 0.02890625 0.06901041666666667
1 0.79140625 0.4231770833333333 0.03828125 0.078125
1 0.8703125 0.2513020833333333 0.0203125 0.0625
1 0.89140625 0.18619791666666666 0.015625 0.040364583333333336
1 0.87109375 0.10807291666666667 0.01015625 0.03125
1 0.90546875 0.140625 0.009375 0.032552083333333336
1 0.88828125 0.12109375 0.009375 0.029947916666666668
2 0.90703125 0.1171875 0.00859375 0.022135416666666668
2 0.8875 0.09765625 0.00625 0.022135416666666668
1 0.89375 0.08854166666666667 0.00703125 0.020833333333333332
0 0.5078125 0.5208333333333334 0.14296875 0.2265625
0 0.7109375 0.4140625 0.109375 0.20052083333333334
0 0.20546875 0.4739583333333333 0.2375 0.23828125
0 0.03046875 0.4166666666666667 0.06015625 0.12109375
0 0.465625 0.234375 0.09453125 0.10026041666666667
0 0.290625 0.3111979166666667 0.1375 0.10677083333333333
0 0.8359375 0.20833333333333334 0.0578125 0.09765625
0 0.46171875 0.3489583333333333 0.13125 0.14583333333333334
0 0.571875 0.24739583333333334 0.0890625 0.10807291666666667
0 0.75859375 0.265625 0.084375 0.12630208333333334
0 0.5703125 0.1875 0.0796875 0.09114583333333333
0 0.63984375 0.20833333333333334 0.06484375 0.08463541666666667
0 0.66875 0.8528645833333334 0.18671875 0.29296875
0 0.640625 0.15885416666666666 0.06171875 0.0625
0 0.74296875 0.21484375 0.06953125 0.09895833333333333
0 0.69609375 0.16796875 0.06171875 0.08333333333333333
0 0.84765625 0.125 0.03828125 0.055989583333333336
0 0.8078125 0.11458333333333333 0.03984375 0.057291666666666664
0 0.68125 0.12369791666666667 0.04765625 0.0546875
0 0.76953125 0.08203125 0.0328125 0.032552083333333336
0 0.75703125 0.11848958333333333 0.0359375 0.041666666666666664
0 0.90546875 0.07421875 0.009375 0.033854166666666664
0 0.82890625 0.059895833333333336 0.0203125 0.029947916666666668
0 0.89765625 0.04296875 0.02421875 0.0234375
0 0.72109375 0.11328125 0.03984375 0.0390625
0 0.740625 0.09375 0.02734375 0.020833333333333332
0 0.78203125 0.06901041666666667 0.02265625 0.036458333333333336
0 0.8078125 0.078125 0.02578125 0.03125
0 0.86796875 0.078125 0.03203125 0.0390625
0 0.86875 0.046875 0.01796875 0.018229166666666668
0 0.86328125 0.10026041666666667 0.02421875 0.036458333333333336
0 0.7375 0.140625 0.0328125 0.0546875
2 0.89375 0.0703125 0.0078125 0.018229166666666668
0 0.8125 0.06640625 0.025 0.026041666666666668
0 0.83359375 0.09765625 0.025 0.044270833333333336
0 0.78046875 0.11588541666666667 0.02421875 0.0390625
1 0.77734375 0.17317708333333334 0.0125 0.041666666666666664
2 0.77890625 0.14453125 0.01015625 0.022135416666666668
2 0.87109375 0.0859375 0.0078125 0.020833333333333332