2 0.59375 0.5299479166666666 0.03828125 0.15234375
2 0.8296875 0.46484375 0.034375 0.12239583333333333
2 0.9421875 0.9427083333333334 0.08671875 0.11328125
2 0.696875 0.4296875 0.03515625 0.07552083333333333
2 0.79453125 0.5520833333333334 0.04453125 0.12109375
2 0.74453125 0.22526041666666666 0.01640625 0.07161458333333333
2 0.840625 0.83984375 0.06796875 0.14322916666666666
2 0.703125 0.4153645833333333 0.02421875 0.0546875
2 0.9625 0.953125 0.04765625 0.09244791666666667
2 0.72265625 0.5130208333333334 0.03828125 0.1484375
1 0.590625 0.5768229166666666 0.04296875 0.14322916666666666
1 0.7234375 0.5625 0.04140625 0.13151041666666666
1 0.82890625 0.5052083333333334 0.03515625 0.12369791666666667
1 0.84296875 0.9283854166666666 0.07890625 0.14322916666666666
1 0.79375 0.6106770833333334 0.04375 0.1328125
1 0.7421875 0.2421875 0.01953125 0.06640625
1 0.6921875 0.4921875 0.03671875 0.125
1 0.81484375 0.7552083333333334 0.05703125 0.15494791666666666
0 0.39609375 0.8020833333333334 0.17734375 0.3958333333333333
0 0.67421875 0.80078125 0.15859375 0.3763020833333333
0 0.11640625 0.4830729166666667 0.2125 0.20052083333333334
0 0.7546875 0.3580729166666667 0.0984375 0.171875
0 0.859375 0.3033854166666667 0.071875 0.15364583333333334
0 0.5328125 0.3125 0.1015625 0.13151041666666666
0 0.684375 0.29296875 0.08828125 0.12239583333333333
0 0.803125 0.23958333333333334 0.06484375 0.09765625
0 0.4015625 0.3606770833333333 0.16875 0.21354166666666666
0 0.8921875 0.14713541666666666 0.03671875 0.08463541666666667
0 0.30625 0.3098958333333333 0.14921875 0.15234375
0 0.62578125 0.23958333333333334 0.09296875 0.11979166666666667
0 0.82890625 0.14583333333333334 0.040625 0.0703125
0 0.440625 0.2265625 0.10390625 0.07552083333333333
0 0.15390625 0.3893229166666667 0.2015625 0.14192708333333334
0 0.50078125 0.2591145833333333 0.0921875 0.11067708333333333
0 0.58046875 0.21484375 0.07421875 0.09505208333333333
0 0.34765625 0.3372395833333333 0.1203125 0.15494791666666666
0 0.7921875 0.17708333333333334 0.046875 0.08723958333333333
0 0.55625 0.18098958333333334 0.0671875 0.06901041666666667
0 0.7140625 0.1875 0.06953125 0.09114583333333333
0 0.6546875 0.12630208333333334 0.05 0.044270833333333336
0 0.8453125 0.09505208333333333 0.0390625 0.048177083333333336
0 0.6140625 0.14973958333333334 0.046875 0.049479166666666664
0 0.73203125 0.09244791666666667 0.03359375 0.024739583333333332
0 0.6453125 0.171875 0.06328125 0.0703125
0 0.7234375 0.12630208333333334 0.05078125 0.045572916666666664
0 0.74296875 0.16015625 0.040625 0.07161458333333333
0 0.890625 0.10286458333333333 0.02890625 0.053385416666666664
0 0.79453125 0.12109375 0.0328125 0.033854166666666664
0 0.896875 0.041666666666666664 0.02265625 0.02734375
0 0.69140625 0.10546875 0.0359375 0.029947916666666668
0 0.68984375 0.15104166666666666 0.04375 0.07161458333333333
0 0.8359375 0.08463541666666667 0.02890625 0.046875
0 0.88046875 0.07552083333333333 0.01953125 0.033854166666666664
0 0.8828125 0.0546875 0.01640625 0.018229166666666668
0 0.684375 0.13671875 0.03046875 0.041666666666666664
0 0.75546875 0.08723958333333333 0.02578125 0.020833333333333332
0 0.83828125 0.07291666666666667 0.02421875 0.026041666666666668
0 0.8125 0.08984375 0.02421875 0.045572916666666664
0 0.78828125 0.08854166666666667 0.034375 0.03515625
0 0.88984375 0.078125 0.02734375 0.02734375
0 0.9046875 0.061197916666666664 0.01328125 0.026041666666666668
0 0.79765625 0.13541666666666666 0.03984375 0.06770833333333333
0 0.8625 0.0703125 0.02265625 0.033854166666666664
0 0.765625 0.0703125 0.02265625 0.024739583333333332
2 0.81640625 0.65234375 0.05078125 0.11067708333333333
2 0.81015625 0.5442708333333334 0.025 0.13020833333333334
0 0.76953125 0.14583333333333334 0.0328125 0.05859375
0 0.76484375 0.10416666666666667 0.03203125 0.036458333333333336