2 0.8296875 0.3645833333333333 0.0296875 0.10416666666666667
2 0.39765625 0.91015625 0.0671875 0.17708333333333334
2 0.515625 0.3567708333333333 0.0328125 0.10026041666666667
2 0.15234375 0.5104166666666666 0.03359375 0.13932291666666666
2 0.3171875 0.40234375 0.03515625 0.1171875
2 0.43046875 0.4231770833333333 0.03671875 0.11979166666666667
2 0.75546875 0.6354166666666666 0.05078125 0.16927083333333334
2 0.12890625 0.5286458333333334 0.03828125 0.14453125
2 0.790625 0.4427083333333333 0.03203125 0.109375
2 0.903125 0.13541666666666666 0.0109375 0.03515625
2 0.6625 0.9700520833333334 0.0359375 0.05859375
2 0.821875 0.10416666666666667 0.01171875 0.03515625
2 0.8015625 0.07161458333333333 0.00546875 0.015625
2 0.8625 0.08203125 0.0078125 0.01953125
1 0.39921875 0.9583333333333334 0.078125 0.08072916666666667
1 0.12578125 0.5677083333333334 0.10703125 0.13411458333333334
1 0.82890625 0.3984375 0.03046875 0.09765625
1 0.51484375 0.3932291666666667 0.04140625 0.09505208333333333
1 0.315625 0.4388020833333333 0.06953125 0.10677083333333333
1 0.43125 0.4609375 0.06015625 0.1015625
1 0.8140625 0.9114583333333334 0.07578125 0.17447916666666666
1 0.821875 0.12369791666666667 0.01484375 0.04296875
2 0.75625 0.4908854166666667 0.02578125 0.09244791666666667
2 0.77109375 0.484375 0.02734375 0.09244791666666667
1 0.78828125 0.4869791666666667 0.03515625 0.11067708333333333
1 0.753125 0.703125 0.05234375 0.16666666666666666
1 0.7546875 0.53515625 0.0421875 0.07552083333333333
1 0.78203125 0.15494791666666666 0.01484375 0.020833333333333332
1 0.86328125 0.10416666666666667 0.0078125 0.024739583333333332
0 0.615625 0.58984375 0.1359375 0.3138020833333333
0 0.71484375 0.3606770833333333 0.10078125 0.171875
0 0.5484375 0.19791666666666666 0.08125 0.08984375
0 0.14375 0.47265625 0.228125 0.22005208333333334
0 0.4328125 0.2513020833333333 0.10703125 0.10026041666666667
0 0.5953125 0.265625 0.0921875 0.11197916666666667
0 0.84140625 0.20833333333333334 0.05234375 0.09114583333333333
0 0.7671875 0.20442708333333334 0.0578125 0.07942708333333333
0 0.45859375 0.33984375 0.14921875 0.17708333333333334
0 0.86796875 0.15494791666666666 0.040625 0.06640625
0 0.2859375 0.3111979166666667 0.1140625 0.1015625
0 0.625 0.1640625 0.0671875 0.08072916666666667
0 0.63828125 0.20833333333333334 0.06953125 0.09375
0 0.25234375 0.3828125 0.12265625 0.13151041666666666
0 0.69453125 0.17578125 0.05546875 0.07161458333333333
0 0.68125 0.140625 0.0484375 0.053385416666666664
0 0.7421875 0.14453125 0.05234375 0.06901041666666667
0 0.83828125 0.09765625 0.03515625 0.048177083333333336
0 0.81328125 0.09505208333333333 0.02421875 0.03515625
0 0.74453125 0.10286458333333333 0.03984375 0.032552083333333336
0 0.88671875 0.10807291666666667 0.03203125 0.05078125
0 0.82734375 0.059895833333333336 0.02421875 0.029947916666666668
0 0.7875 0.12369791666666667 0.0421875 0.061197916666666664
0 0.896875 0.041666666666666664 0.01953125 0.020833333333333332
0 0.7046875 0.11328125 0.04609375 0.049479166666666664
0 0.88046875 0.06770833333333333 0.02578125 0.032552083333333336
0 0.78515625 0.06380208333333333 0.0296875 0.028645833333333332
0 0.75703125 0.09505208333333333 0.028125 0.03515625
0 0.771875 0.07942708333333333 0.025 0.02734375
0 0.846875 0.057291666666666664 0.01484375 0.028645833333333332
0 0.86484375 0.048177083333333336 0.01328125 0.020833333333333332
0 0.878125 0.048177083333333336 0.01953125 0.0234375
0 0.790625 0.08854166666666667 0.0296875 0.0234375
0 0.8625 0.078125 0.02109375 0.0390625
2 0.803125 0.8059895833333334 0.0546875 0.203125
2 0.815625 0.8229166666666666 0.04375 0.1484375
2 0.75859375 0.60546875 0.03046875 0.1015625
1 0.90234375 0.16015625 0.01484375 0.037760416666666664
2 0.78203125 0.13802083333333334 0.01015625 0.0234375