2 0.440625 0.6497395833333334 0.0625 0.17838541666666666
2 0.50625 0.5833333333333334 0.0421875 0.171875
2 0.0171875 0.5768229166666666 0.034375 0.15625
2 0.5984375 0.6927083333333334 0.05234375 0.1875
2 0.63984375 0.5716145833333334 0.0390625 0.1484375
2 0.496875 0.23697916666666666 0.01953125 0.08072916666666667
2 0.584375 0.18880208333333334 0.01875 0.036458333333333336
2 0.5734375 0.5768229166666666 0.04453125 0.16276041666666666
2 0.56796875 0.19791666666666666 0.01328125 0.020833333333333332
2 0.79296875 0.5013020833333334 0.02109375 0.13932291666666666
2 0.846875 0.2994791666666667 0.025 0.049479166666666664
2 0.525 0.23177083333333334 0.0171875 0.053385416666666664
2 0.7796875 0.4869791666666667 0.0328125 0.07682291666666667
2 0.79921875 0.11328125 0.01015625 0.0234375
2 0.82578125 0.3723958333333333 0.02734375 0.09114583333333333
1 0.50234375 0.63671875 0.0484375 0.15234375
1 0.59765625 0.7682291666666666 0.05078125 0.15885416666666666
1 0.03828125 0.6041666666666666 0.07578125 0.12630208333333334
1 0.63828125 0.6171875 0.04375 0.1484375
1 0.43828125 0.7096354166666666 0.05703125 0.14583333333333334
1 0.8265625 0.41015625 0.02734375 0.1015625
1 0.57109375 0.63671875 0.04140625 0.13151041666666666
1 0.77734375 0.5364583333333334 0.04375 0.09765625
1 0.84453125 0.3411458333333333 0.0296875 0.08723958333333333
1 0.79765625 0.13671875 0.0125 0.036458333333333336
0 0.11328125 0.48046875 0.2265625 0.20442708333333334
0 0.7203125 0.75 0.16171875 0.41796875
0 0.40703125 0.3671875 0.17109375 0.18880208333333334
0 0.7140625 0.4036458333333333 0.10390625 0.16666666666666666
0 0.5203125 0.8658854166666666 0.19921875 0.265625
0 0.83203125 0.21744791666666666 0.05390625 0.09505208333333333
0 0.5609375 0.2721354166666667 0.1046875 0.13020833333333334
0 0.23125 0.3528645833333333 0.1890625 0.15885416666666666
0 0.7484375 0.13020833333333334 0.04140625 0.0546875
0 0.43515625 0.2578125 0.1234375 0.09895833333333333
0 0.65234375 0.20703125 0.07890625 0.10416666666666667
0 0.8765625 0.14713541666666666 0.0359375 0.07161458333333333
0 0.76015625 0.2734375 0.075 0.11328125
0 0.7109375 0.171875 0.05078125 0.078125
0 0.84453125 0.055989583333333336 0.02421875 0.029947916666666668
0 0.696875 0.13802083333333334 0.04296875 0.046875
0 0.89921875 0.11458333333333333 0.02421875 0.052083333333333336
0 0.8265625 0.13151041666666666 0.04453125 0.06510416666666667
0 0.6484375 0.15885416666666666 0.059375 0.07291666666666667
0 0.7953125 0.10807291666666667 0.03359375 0.04296875
0 0.54453125 0.18880208333333334 0.09921875 0.13411458333333334
0 0.82265625 0.08072916666666667 0.02734375 0.020833333333333332
0 0.6796875 0.11197916666666667 0.03984375 0.02734375
0 0.8671875 0.07161458333333333 0.02890625 0.0390625
1 0.5234375 0.24739583333333334 0.0171875 0.032552083333333336
0 0.84921875 0.109375 0.021875 0.045572916666666664
0 0.8078125 0.06380208333333333 0.01796875 0.029947916666666668
0 0.865625 0.08463541666666667 0.02578125 0.0234375
0 0.88671875 0.09244791666666667 0.02421875 0.0390625
0 0.63828125 0.12890625 0.03515625 0.049479166666666664