2 0.15625 0.3489583333333333 0.021875 0.11067708333333333
2 0.5328125 0.1640625 0.01171875 0.033854166666666664
2 0.415625 0.21614583333333334 0.01953125 0.04296875
2 0.8375 0.2981770833333333 0.02421875 0.049479166666666664
2 0.5609375 0.3059895833333333 0.01796875 0.052083333333333336
2 0.85234375 0.20963541666666666 0.0171875 0.03515625
2 0.81015625 0.3736979166666667 0.03515625 0.09505208333333333
2 0.48203125 0.17708333333333334 0.00703125 0.015625
2 0.8265625 0.2799479166666667 0.0203125 0.08203125
1 0.871875 0.2916666666666667 0.02578125 0.07161458333333333
1 0.80859375 0.4088541666666667 0.03515625 0.08854166666666667
1 0.16484375 0.3684895833333333 0.05390625 0.06901041666666667
1 0.85234375 0.23828125 0.01953125 0.052083333333333336
1 0.72578125 0.2565104166666667 0.01953125 0.0625
1 0.83515625 0.34765625 0.02890625 0.07161458333333333
1 0.665625 0.2838541666666667 0.02890625 0.07161458333333333
1 0.5578125 0.3333333333333333 0.02890625 0.046875
1 0.82578125 0.2981770833333333 0.0171875 0.048177083333333336
1 0.90078125 0.18098958333333334 0.01015625 0.0390625
1 0.41015625 0.2578125 0.01328125 0.057291666666666664
1 0.4265625 0.2864583333333333 0.02578125 0.057291666666666664
0 0.65078125 0.5716145833333334 0.13125 0.2552083333333333
0 0.28203125 0.4348958333333333 0.21484375 0.22395833333333334
0 0.07421875 0.41015625 0.14765625 0.15494791666666666
0 0.571875 0.4192708333333333 0.11953125 0.17578125
0 0.53125 0.3098958333333333 0.11015625 0.12760416666666666
0 0.75625 0.3307291666666667 0.08984375 0.15234375
0 0.49921875 0.22005208333333334 0.08984375 0.10026041666666667
0 0.3359375 0.29296875 0.12578125 0.10416666666666667
0 0.79375 0.2265625 0.06953125 0.10546875
0 0.6015625 0.23177083333333334 0.08046875 0.10026041666666667
0 0.59140625 0.1796875 0.07421875 0.08854166666666667
0 0.81640625 0.15234375 0.04765625 0.06901041666666667
0 0.859375 0.17057291666666666 0.04921875 0.078125
0 0.65390625 0.14713541666666666 0.05390625 0.045572916666666664
0 0.703125 0.16666666666666666 0.05546875 0.08072916666666667
0 0.746875 0.14453125 0.0484375 0.07291666666666667
0 0.86875 0.10546875 0.03359375 0.046875
0 0.6546875 0.20052083333333334 0.05703125 0.08203125
0 0.77109375 0.08072916666666667 0.03046875 0.02734375
0 0.7265625 0.11067708333333333 0.03984375 0.037760416666666664
0 0.78515625 0.0703125 0.03046875 0.037760416666666664
0 0.81796875 0.07161458333333333 0.025 0.03125
0 0.81328125 0.10546875 0.03828125 0.040364583333333336
0 0.86796875 0.048177083333333336 0.01953125 0.020833333333333332
0 0.7875 0.11328125 0.0203125 0.040364583333333336
0 0.76484375 0.11848958333333333 0.03671875 0.049479166666666664
0 0.68203125 0.11979166666666667 0.0484375 0.049479166666666664
0 0.871875 0.0703125 0.02734375 0.029947916666666668
0 0.75078125 0.08984375 0.028125 0.020833333333333332
0 0.8515625 0.08463541666666667 0.01796875 0.029947916666666668
2 0.42421875 0.24088541666666666 0.0171875 0.046875
0 0.83125 0.0625 0.025 0.028645833333333332
0 0.83828125 0.09765625 0.0265625 0.045572916666666664
2 0.90078125 0.15625 0.01015625 0.026041666666666668
2 0.87421875 0.2552083333333333 0.01953125 0.05078125
2 0.72421875 0.21744791666666666 0.01796875 0.044270833333333336
2 0.67578125 0.24088541666666666 0.0140625 0.055989583333333336
2 0.66484375 0.24479166666666666 0.0171875 0.0546875
0 0.89296875 0.044270833333333336 0.0234375 0.024739583333333332