1 0.65078125 0.3216145833333333 0.03671875 0.08072916666666667
2 0.64921875 0.3033854166666667 0.03046875 0.10677083333333333
2 0.85546875 0.19401041666666666 0.01640625 0.0390625
2 0.725 0.18098958333333334 0.01484375 0.057291666666666664
2 0.696875 0.2942708333333333 0.0296875 0.07942708333333333
2 0.7046875 0.2890625 0.01328125 0.06901041666666667
2 0.8609375 0.07682291666666667 0.00859375 0.024739583333333332
2 0.90390625 0.09765625 0.00703125 0.022135416666666668
2 0.68515625 0.20833333333333334 0.02109375 0.045572916666666664
1 0.72421875 0.19921875 0.015625 0.049479166666666664
1 0.89453125 0.16666666666666666 0.015625 0.037760416666666664
1 0.696875 0.3307291666666667 0.03046875 0.07682291666666667
1 0.6859375 0.2421875 0.02265625 0.057291666666666664
1 0.875 0.1171875 0.01015625 0.03125
1 0.85390625 0.22135416666666666 0.02421875 0.059895833333333336
1 0.86015625 0.09505208333333333 0.009375 0.02734375
1 0.90390625 0.11458333333333333 0.0078125 0.02734375
0 0.171875 0.5299479166666666 0.25546875 0.2421875
0 0.5171875 0.3841145833333333 0.1625 0.1875
0 0.81875 0.2565104166666667 0.06171875 0.10546875
0 0.0640625 0.4088541666666667 0.128125 0.14583333333333334
0 0.8234375 0.125 0.04140625 0.05859375
0 0.2046875 0.4127604166666667 0.1953125 0.13932291666666666
0 0.59375 0.2760416666666667 0.07890625 0.11328125
0 0.28671875 0.3177083333333333 0.1453125 0.11979166666666667
0 0.6421875 0.17708333333333334 0.07265625 0.08723958333333333
0 0.5640625 0.20963541666666666 0.078125 0.09895833333333333
0 0.734375 0.12369791666666667 0.03984375 0.059895833333333336
1 0.01875 0.4856770833333333 0.0375 0.0703125
0 0.78125 0.11067708333333333 0.0375 0.053385416666666664
0 0.76875 0.07421875 0.02890625 0.033854166666666664
0 0.6921875 0.140625 0.05390625 0.07421875
0 0.80546875 0.09114583333333333 0.0328125 0.048177083333333336
0 0.59375 0.16276041666666666 0.05859375 0.06380208333333333
0 0.434375 0.3333333333333333 0.14375 0.19270833333333334
0 0.853125 0.052083333333333336 0.01875 0.029947916666666668
0 0.82734375 0.07942708333333333 0.02890625 0.03515625
0 0.87109375 0.049479166666666664 0.0203125 0.02734375
2 0.875 0.09765625 0.01015625 0.024739583333333332
2 0.89453125 0.14453125 0.0140625 0.033854166666666664
2 0.540625 0.25 0.0125 0.078125
1 0.5328125 0.2721354166666667 0.0328125 0.05078125
2 0.5328125 0.25390625 0.01328125 0.078125