2 0.77109375 0.3424479166666667 0.0265625 0.09765625
2 0.35234375 0.328125 0.02109375 0.09895833333333333
2 0.4109375 0.26171875 0.02265625 0.07682291666666667
2 0.453125 0.27734375 0.02265625 0.07552083333333333
2 0.675 0.15755208333333334 0.0140625 0.05078125
2 0.71640625 0.13020833333333334 0.0078125 0.020833333333333332
1 0.35078125 0.35546875 0.059375 0.08723958333333333
1 0.771875 0.37109375 0.03046875 0.08854166666666667
1 0.4578125 0.3046875 0.04296875 0.07291666666666667
1 0.7140625 0.15755208333333334 0.01484375 0.04296875
1 0.4109375 0.2890625 0.0390625 0.06380208333333333
1 0.6734375 0.171875 0.01796875 0.048177083333333336
1 0.84609375 0.08984375 0.0078125 0.024739583333333332
1 0.82421875 0.1171875 0.009375 0.03125
1 0.6234375 0.140625 0.0109375 0.026041666666666668
0 0.49296875 0.5052083333333334 0.13828125 0.2513020833333333
0 0.675 0.75 0.15390625 0.3658854166666667
0 0.0390625 0.4140625 0.078125 0.15104166666666666
0 0.87109375 0.23567708333333334 0.05234375 0.10807291666666667
0 0.59453125 0.20833333333333334 0.08984375 0.11067708333333333
0 0.771875 0.13151041666666666 0.04375 0.053385416666666664
0 0.878125 0.11588541666666667 0.03359375 0.053385416666666664
0 0.7484375 0.11588541666666667 0.03671875 0.046875
0 0.684375 0.11067708333333333 0.04453125 0.053385416666666664
0 0.8140625 0.08463541666666667 0.0328125 0.046875
0 0.88046875 0.06510416666666667 0.02890625 0.033854166666666664
2 0.82578125 0.09765625 0.0078125 0.020833333333333332
2 0.84765625 0.07682291666666667 0.00703125 0.018229166666666668
2 0.6234375 0.12239583333333333 0.009375 0.0234375