2 0.728125 0.18098958333333334 0.01484375 0.055989583333333336
2 0.746875 0.828125 0.06015625 0.19401041666666666
2 0.828125 0.11588541666666667 0.00859375 0.0234375
2 0.69765625 0.12239583333333333 0.0078125 0.01953125
2 0.76875 0.09765625 0.00703125 0.036458333333333336
1 0.7265625 0.19921875 0.01953125 0.053385416666666664
1 0.74453125 0.9075520833333334 0.0765625 0.18359375
1 0.765625 0.48828125 0.04296875 0.12109375
1 0.85078125 0.23567708333333334 0.02109375 0.059895833333333336
1 0.8265625 0.13411458333333334 0.0140625 0.041666666666666664
1 0.696875 0.14973958333333334 0.0171875 0.041666666666666664
1 0.76796875 0.11067708333333333 0.01171875 0.029947916666666668
2 0.90078125 0.9557291666666666 0.07890625 0.0859375
1 0.903125 0.13411458333333334 0.01015625 0.032552083333333336
1 0.87734375 0.17447916666666666 0.0125 0.0390625
1 0.83359375 0.08203125 0.0078125 0.022135416666666668
2 0.90390625 0.11067708333333333 0.009375 0.0234375
0 0.0625 0.421875 0.125 0.15755208333333334
0 0.61953125 0.203125 0.07578125 0.09635416666666667
0 0.80546875 0.11458333333333333 0.04296875 0.0546875
0 0.43984375 0.2903645833333333 0.10703125 0.1328125
0 0.8578125 0.07942708333333333 0.03359375 0.044270833333333336
0 0.7546875 0.07421875 0.06015625 0.037760416666666664
0 0.8078125 0.0625 0.0171875 0.032552083333333336
2 0.77578125 0.41796875 0.03203125 0.07942708333333333
0 0.73046875 0.1171875 0.05 0.05859375
0 0.82734375 0.05859375 0.02265625 0.03125
2 0.83359375 0.06901041666666667 0.00625 0.020833333333333332
0 0.84375 0.053385416666666664 0.0203125 0.028645833333333332
0 0.8890625 0.06901041666666667 0.02421875 0.032552083333333336
0 0.89375 0.046875 0.01953125 0.026041666666666668
2 0.87734375 0.14713541666666666 0.0109375 0.026041666666666668
2 0.8515625 0.203125 0.01484375 0.036458333333333336