2 0.8296875 0.8072916666666666 0.05703125 0.13932291666666666
2 0.8546875 0.24869791666666666 0.02265625 0.04296875
2 0.14609375 0.3515625 0.03125 0.09114583333333333
2 0.340625 0.3294270833333333 0.0203125 0.0859375
2 0.17109375 0.4166666666666667 0.0296875 0.1015625
2 0.8046875 0.5833333333333334 0.04296875 0.08203125
2 0.8828125 0.13151041666666666 0.0140625 0.04296875
1 0.34140625 0.3567708333333333 0.05625 0.078125
1 0.8078125 0.6744791666666666 0.0515625 0.15364583333333334
1 0.17421875 0.4544270833333333 0.08125 0.09114583333333333
1 0.81796875 0.8932291666666666 0.08515625 0.21223958333333334
1 0.88125 0.14583333333333334 0.0140625 0.040364583333333336
1 0.1484375 0.3880208333333333 0.06484375 0.08072916666666667
0 0.7171875 0.33203125 0.08671875 0.16015625
0 0.03046875 0.4453125 0.06015625 0.14583333333333334
0 0.80625 0.22395833333333334 0.059375 0.09765625
0 0.65546875 0.12239583333333333 0.04921875 0.059895833333333336
0 0.8140625 0.15494791666666666 0.05 0.06901041666666667
0 0.68828125 0.11067708333333333 0.03515625 0.0546875
0 0.809375 0.0625 0.02734375 0.033854166666666664
0 0.86796875 0.049479166666666664 0.02890625 0.02734375
2 0.3046875 0.3229166666666667 0.015625 0.09505208333333333
1 0.3015625 0.3502604166666667 0.04609375 0.07421875
1 0.8546875 0.2955729166666667 0.02578125 0.06901041666666667
2 0.31953125 0.3203125 0.01484375 0.09114583333333333