2 0.7640625 0.3658854166666667 0.02890625 0.10416666666666667
2 0.37734375 0.2760416666666667 0.025 0.08463541666666667
2 0.42109375 0.2955729166666667 0.02578125 0.08203125
2 0.66171875 0.16536458333333334 0.01328125 0.05078125
2 0.30859375 0.33984375 0.02265625 0.09505208333333333
1 0.30703125 0.37109375 0.06328125 0.08723958333333333
1 0.42421875 0.3190104166666667 0.04765625 0.078125
1 0.7015625 0.16796875 0.01640625 0.04296875
1 0.76484375 0.3958333333333333 0.03359375 0.09765625
1 0.378125 0.3033854166666667 0.04296875 0.06510416666666667
1 0.659375 0.18619791666666666 0.0203125 0.048177083333333336
1 0.8171875 0.11979166666666667 0.01015625 0.033854166666666664
1 0.840625 0.09114583333333333 0.009375 0.026041666666666668
1 0.62421875 0.14713541666666666 0.01328125 0.033854166666666664
2 0.62578125 0.12369791666666667 0.015625 0.026041666666666668
0 0.4765625 0.54296875 0.14296875 0.2747395833333333
0 0.68515625 0.8059895833333334 0.16640625 0.38671875
0 0.8734375 0.2421875 0.0546875 0.10677083333333333
0 0.57734375 0.21875 0.09453125 0.11458333333333333
0 0.875 0.11979166666666667 0.03515625 0.055989583333333336
0 0.76328125 0.13671875 0.04453125 0.0546875
0 0.740625 0.11979166666666667 0.03671875 0.048177083333333336
0 0.68359375 0.11067708333333333 0.04453125 0.0546875
0 0.80703125 0.08463541666666667 0.0328125 0.046875
0 0.87734375 0.06901041666666667 0.02734375 0.032552083333333336
2 0.70390625 0.13932291666666666 0.009375 0.02734375
2 0.81875 0.09895833333333333 0.00625 0.015625
2 0.84140625 0.07552083333333333 0.00546875 0.016927083333333332