2 0.69765625 0.9505208333333334 0.06328125 0.09635416666666667
1 0.86015625 0.3190104166666667 0.02265625 0.06901041666666667
2 0.86015625 0.29296875 0.02421875 0.08333333333333333
2 0.7875 0.5963541666666666 0.04296875 0.15885416666666666
2 0.4015625 0.29296875 0.0234375 0.08203125
2 0.44296875 0.2604166666666667 0.0125 0.06640625
2 0.4328125 0.2643229166666667 0.02109375 0.07942708333333333
2 0.29140625 0.3346354166666667 0.01796875 0.09244791666666667
2 0.30703125 0.3294270833333333 0.01953125 0.09244791666666667
1 0.78515625 0.64453125 0.046875 0.1484375
1 0.86328125 0.18880208333333334 0.01796875 0.05078125
1 0.29140625 0.3567708333333333 0.05859375 0.09114583333333333
1 0.40234375 0.32421875 0.040625 0.07161458333333333
1 0.85234375 0.08072916666666667 0.009375 0.020833333333333332
1 0.4359375 0.2916666666666667 0.0328125 0.06901041666666667
0 0.67734375 0.3697916666666667 0.09921875 0.171875
0 0.03359375 0.4401041666666667 0.0671875 0.14583333333333334
0 0.6765625 0.18229166666666666 0.06640625 0.08463541666666667
0 0.8203125 0.09505208333333333 0.03515625 0.046875
0 0.71953125 0.13411458333333334 0.040625 0.06510416666666667
0 0.75625 0.07552083333333333 0.06015625 0.040364583333333336
0 0.865625 0.06380208333333333 0.02421875 0.03515625
0 0.84453125 0.053385416666666664 0.01796875 0.03125
0 0.8078125 0.0625 0.0171875 0.03125
0 0.89609375 0.045572916666666664 0.01953125 0.024739583333333332
2 0.8640625 0.16796875 0.01328125 0.045572916666666664
0 0.82890625 0.059895833333333336 0.021875 0.028645833333333332
2 0.85234375 0.0625 0.00859375 0.016927083333333332