2 0.8265625 0.4479166666666667 0.03984375 0.14583333333333334
2 0.79765625 0.4505208333333333 0.03046875 0.16145833333333334
2 0.73671875 0.6015625 0.053125 0.15494791666666666
2 0.746875 0.14322916666666666 0.01640625 0.046875
2 0.7671875 0.7630208333333334 0.05703125 0.19921875
2 0.84296875 0.94921875 0.03984375 0.09895833333333333
2 0.87578125 0.9739583333333334 0.03046875 0.049479166666666664
2 0.9046875 0.13151041666666666 0.00625 0.018229166666666668
2 0.75546875 0.6979166666666666 0.0359375 0.10416666666666667
1 0.8546875 0.2955729166666667 0.0234375 0.07291666666666667
1 0.746875 0.15755208333333334 0.01796875 0.048177083333333336
1 0.76796875 0.8346354166666666 0.06796875 0.18489583333333334
1 0.82578125 0.26953125 0.01953125 0.06510416666666667
1 0.734375 0.6692708333333334 0.04609375 0.13932291666666666
1 0.903125 0.15494791666666666 0.01328125 0.03515625
0 0.7015625 0.3880208333333333 0.10546875 0.1796875
0 0.2546875 0.34765625 0.15390625 0.16536458333333334
0 0.7640625 0.07552083333333333 0.04609375 0.03515625
0 0.86171875 0.07291666666666667 0.02578125 0.029947916666666668
0 0.809375 0.0625 0.02109375 0.033854166666666664
0 0.8296875 0.059895833333333336 0.02265625 0.032552083333333336
0 0.884375 0.061197916666666664 0.0203125 0.033854166666666664
0 0.86875 0.048177083333333336 0.0203125 0.0234375
2 0.85859375 0.24869791666666666 0.01875 0.036458333333333336
2 0.828125 0.22786458333333334 0.01796875 0.033854166666666664