2 0.84296875 0.5026041666666666 0.03671875 0.17317708333333334
2 0.85859375 0.9401041666666666 0.0625 0.1171875
2 0.63203125 0.20963541666666666 0.02265625 0.0625
2 0.85234375 0.10026041666666667 0.00859375 0.040364583333333336
2 0.88515625 0.16145833333333334 0.0109375 0.02734375
1 0.6328125 0.234375 0.02734375 0.06510416666666667
1 0.821875 0.39453125 0.03046875 0.09505208333333333
1 0.7640625 0.3776041666666667 0.02734375 0.08984375
1 0.88515625 0.19140625 0.015625 0.041666666666666664
1 0.86640625 0.09114583333333333 0.00859375 0.0234375
1 0.85078125 0.109375 0.01015625 0.02734375
1 0.8140625 0.9739583333333334 0.03671875 0.05078125
1 0.84140625 0.97265625 0.09296875 0.052083333333333336
0 0.65078125 0.5559895833333334 0.12109375 0.2799479166666667
0 0.04453125 0.4114583333333333 0.08828125 0.1484375
0 0.7640625 0.07552083333333333 0.04609375 0.03515625
0 0.80859375 0.0625 0.01953125 0.033854166666666664
2 0.8234375 0.3307291666666667 0.025 0.052083333333333336
2 0.76796875 0.3125 0.0234375 0.057291666666666664
0 0.87578125 0.07421875 0.0234375 0.03515625
2 0.865625 0.07421875 0.00703125 0.016927083333333332
0 0.82890625 0.05859375 0.02265625 0.03125
0 0.83828125 0.08203125 0.028125 0.0390625
0 0.89375 0.04296875 0.01796875 0.01953125
0 0.86796875 0.048177083333333336 0.02578125 0.026041666666666668