2 0.93984375 0.9479166666666666 0.065625 0.1015625
2 0.77734375 0.36328125 0.03203125 0.11067708333333333
2 0.853125 0.17838541666666666 0.01484375 0.04296875
2 0.7015625 0.15494791666666666 0.01484375 0.046875
2 0.85625 0.23697916666666666 0.02109375 0.06380208333333333
2 0.0828125 0.4270833333333333 0.0296875 0.109375
2 0.50546875 0.3619791666666667 0.01953125 0.10286458333333333
2 0.48984375 0.3697916666666667 0.02578125 0.10416666666666667
2 0.74296875 0.08723958333333333 0.00703125 0.036458333333333336
2 0.88359375 0.0703125 0.0078125 0.020833333333333332
2 0.80234375 0.07942708333333333 0.00703125 0.020833333333333332
1 0.82734375 0.17838541666666666 0.015625 0.046875
1 0.85546875 0.2591145833333333 0.021875 0.06640625
1 0.49140625 0.3997395833333333 0.05859375 0.08984375
1 0.77578125 0.4010416666666667 0.034375 0.09635416666666667
1 0.80234375 0.10026041666666667 0.0109375 0.03125
1 0.70078125 0.17057291666666666 0.0171875 0.041666666666666664
1 0.0640625 0.4713541666666667 0.08359375 0.09114583333333333
1 0.740625 0.09635416666666667 0.01171875 0.02734375
1 0.8359375 0.08463541666666667 0.00859375 0.0234375
1 0.8828125 0.0859375 0.01015625 0.024739583333333332
1 0.871875 0.07942708333333333 0.009375 0.022135416666666668
1 0.846875 0.07552083333333333 0.00859375 0.01953125
0 0.29296875 0.35546875 0.1578125 0.16796875
0 0.86875 0.049479166666666664 0.025 0.026041666666666668
0 0.81171875 0.06380208333333333 0.028125 0.033854166666666664
2 0.06484375 0.4361979166666667 0.0234375 0.10677083333333333
2 0.05859375 0.3776041666666667 0.02265625 0.07682291666666667
1 0.03828125 0.421875 0.03125 0.08072916666666667
2 0.7796875 0.375 0.01953125 0.10416666666666667
2 0.82734375 0.15104166666666666 0.0125 0.0390625
1 0.85 0.19661458333333334 0.01328125 0.04296875
2 0.871875 0.06510416666666667 0.00625 0.020833333333333332
2 0.8484375 0.061197916666666664 0.00625 0.01953125
2 0.83671875 0.07161458333333333 0.00625 0.014322916666666666
0 0.9015625 0.05859375 0.0203125 0.03515625