2 0.60859375 0.16015625 0.0140625 0.06380208333333333
2 0.6140625 0.16015625 0.01328125 0.0625
2 0.7921875 0.13151041666666666 0.01328125 0.026041666666666668
1 0.81875 0.24348958333333334 0.01953125 0.0625
1 0.60859375 0.17447916666666666 0.01796875 0.049479166666666664
1 0.7921875 0.15234375 0.0140625 0.04296875
0 0.046875 0.4361979166666667 0.09375 0.1484375
0 0.85625 0.10026041666666667 0.03359375 0.049479166666666664
0 0.79921875 0.11588541666666667 0.04453125 0.055989583333333336
0 0.75 0.07161458333333333 0.04921875 0.044270833333333336
2 0.81875 0.20963541666666666 0.0203125 0.041666666666666664