2 0.6953125 0.390625 0.034375 0.12239583333333333
2 0.446875 0.25 0.0203125 0.07161458333333333
2 0.78359375 0.47265625 0.03359375 0.11197916666666667
2 0.81015625 0.2825520833333333 0.02421875 0.045572916666666664
1 0.78203125 0.5104166666666666 0.03203125 0.09244791666666667
1 0.44921875 0.2708333333333333 0.03671875 0.06640625
1 0.6921875 0.4244791666666667 0.03828125 0.10416666666666667
1 0.36328125 0.3216145833333333 0.04921875 0.078125
1 0.78359375 0.13411458333333334 0.0125 0.0390625
1 0.80703125 0.33203125 0.02578125 0.07291666666666667
1 0.8140625 0.21744791666666666 0.0203125 0.041666666666666664
0 0.08515625 0.40234375 0.1703125 0.16927083333333334
0 0.62421875 0.19270833333333334 0.0703125 0.08203125
0 0.74921875 0.07291666666666667 0.04921875 0.045572916666666664
2 0.378125 0.2942708333333333 0.0171875 0.09765625
2 0.36484375 0.30078125 0.0171875 0.09375
2 0.7046875 0.3893229166666667 0.0171875 0.11979166666666667
2 0.8140625 0.1953125 0.0203125 0.03515625
2 0.80546875 0.2513020833333333 0.0203125 0.044270833333333336
2 0.81171875 0.23958333333333334 0.0171875 0.048177083333333336
2 0.78359375 0.11588541666666667 0.01328125 0.026041666666666668