2 0.7953125 0.3268229166666667 0.0296875 0.1015625
2 0.9421875 0.9466145833333334 0.0578125 0.10416666666666667
2 0.796875 0.3177083333333333 0.02109375 0.046875
1 0.75703125 0.125 0.0125 0.036458333333333336
1 0.79375 0.36328125 0.03046875 0.09505208333333333
0 0.66328125 0.5924479166666666 0.12734375 0.3033854166666667
0 0.678125 0.3268229166666667 0.1 0.15494791666666666
0 0.65546875 0.12239583333333333 0.04921875 0.059895833333333336
0 0.8546875 0.09895833333333333 0.03046875 0.044270833333333336
0 0.89140625 0.08203125 0.02734375 0.040364583333333336
0 0.68828125 0.11067708333333333 0.03515625 0.0546875
0 0.8125 0.0625 0.02734375 0.033854166666666664
0 0.87890625 0.055989583333333336 0.02578125 0.03515625
0 0.8625 0.049479166666666664 0.01875 0.026041666666666668
2 0.75703125 0.109375 0.01171875 0.032552083333333336