1 0.88359375 0.9375 0.1015625 0.125
2 0.90078125 0.9049479166666666 0.0671875 0.1875
2 0.77890625 0.4674479166666667 0.0375 0.13541666666666666
2 0.70625 0.7252604166666666 0.05625 0.21354166666666666
2 0.6984375 0.7005208333333334 0.06796875 0.20572916666666666
2 0.73359375 0.39453125 0.03359375 0.1015625
2 0.23671875 0.3411458333333333 0.01953125 0.09244791666666667
2 0.13359375 0.38671875 0.01796875 0.1015625
2 0.1203125 0.39453125 0.02421875 0.10286458333333333
2 0.7359375 0.3580729166666667 0.03046875 0.0625
2 0.65625 0.1953125 0.02421875 0.046875
1 0.7015625 0.78125 0.07578125 0.17708333333333334
1 0.65703125 0.2265625 0.025 0.055989583333333336
1 0.2390625 0.3671875 0.06171875 0.07942708333333333
1 0.7765625 0.5065104166666666 0.03984375 0.11328125
1 0.88515625 0.10026041666666667 0.01015625 0.02734375
1 0.73203125 0.328125 0.028125 0.0625
1 0.121875 0.42578125 0.0734375 0.0859375
1 0.7296875 0.4296875 0.03515625 0.09114583333333333
0 0.5046875 0.2565104166666667 0.09921875 0.10807291666666667
0 0.8984375 0.0703125 0.0234375 0.036458333333333336
0 0.74921875 0.07161458333333333 0.0484375 0.044270833333333336
2 0.7328125 0.2942708333333333 0.02734375 0.052083333333333336
1 0.77265625 0.09765625 0.01015625 0.02734375
2 0.7734375 0.07942708333333333 0.01015625 0.0234375
2 0.88515625 0.08333333333333333 0.0109375 0.0234375