2 0.853125 0.5052083333333334 0.034375 0.17057291666666666
2 0.81875 0.3802083333333333 0.03203125 0.10546875
2 0.61015625 0.22786458333333334 0.025 0.07291666666666667
2 0.88203125 0.17057291666666666 0.01171875 0.0234375
1 0.609375 0.25 0.0296875 0.06770833333333333
1 0.81796875 0.4127604166666667 0.0328125 0.09765625
1 0.753125 0.3984375 0.0296875 0.09635416666666667
1 0.88125 0.19791666666666666 0.0171875 0.041666666666666664
1 0.859375 0.09375 0.00859375 0.02734375
0 0.65078125 0.5911458333333334 0.12734375 0.3020833333333333
0 0.02421875 0.4244791666666667 0.04765625 0.14322916666666666
0 0.7640625 0.07552083333333333 0.04609375 0.03515625
0 0.834375 0.08333333333333333 0.02890625 0.037760416666666664
0 0.8078125 0.06380208333333333 0.01875 0.032552083333333336
0 0.86953125 0.07552083333333333 0.02421875 0.03515625
0 0.828125 0.0625 0.021875 0.03125
0 0.8703125 0.046875 0.01640625 0.022135416666666668
0 0.8921875 0.046875 0.01328125 0.026041666666666668
2 0.75625 0.3372395833333333 0.02265625 0.046875
1 0.88984375 0.09114583333333333 0.01015625 0.022135416666666668
1 0.84296875 0.11458333333333333 0.0125 0.03125
2 0.890625 0.07421875 0.00859375 0.018229166666666668
2 0.86015625 0.07942708333333333 0.0078125 0.016927083333333332
2 0.84609375 0.09375 0.01015625 0.022135416666666668