2 0.8765625 0.1953125 0.015625 0.040364583333333336
1 0.721875 0.15234375 0.0140625 0.0390625
1 0.88203125 0.10416666666666667 0.01015625 0.026041666666666668
0 0.56875 0.3489583333333333 0.08515625 0.17317708333333334
0 0.1328125 0.41015625 0.18984375 0.16666666666666666
0 0.8484375 0.12760416666666666 0.0359375 0.057291666666666664
0 0.80859375 0.06380208333333333 0.01875 0.029947916666666668
0 0.84765625 0.055989583333333336 0.02109375 0.029947916666666668
0 0.82890625 0.059895833333333336 0.02578125 0.03125
1 0.87578125 0.22786458333333334 0.01796875 0.049479166666666664
2 0.721875 0.12760416666666666 0.0140625 0.028645833333333332
2 0.88203125 0.08854166666666667 0.009375 0.0234375