2 0.76171875 0.4375 0.0390625 0.13151041666666666
2 0.3625 0.4153645833333333 0.03515625 0.1171875
2 0.6546875 0.18098958333333334 0.0171875 0.055989583333333336
2 0.38125 0.4114583333333333 0.03515625 0.12239583333333333
2 0.83515625 0.21223958333333334 0.0203125 0.055989583333333336
2 0.840625 0.2760416666666667 0.02421875 0.07552083333333333
2 0.78671875 0.09375 0.01015625 0.037760416666666664
2 0.7421875 0.08333333333333333 0.0078125 0.028645833333333332
2 0.83515625 0.06901041666666667 0.0078125 0.026041666666666668
1 0.7859375 0.10546875 0.01328125 0.029947916666666668
1 0.7609375 0.4791666666666667 0.0359375 0.11458333333333333
1 0.8046875 0.20833333333333334 0.01796875 0.0546875
1 0.83984375 0.3033854166666667 0.025 0.07552083333333333
1 0.36796875 0.4479166666666667 0.07265625 0.09244791666666667
1 0.6546875 0.19661458333333334 0.021875 0.049479166666666664
1 0.8703125 0.09114583333333333 0.0109375 0.026041666666666668
1 0.8234375 0.09114583333333333 0.00859375 0.026041666666666668
1 0.834375 0.23828125 0.02265625 0.06380208333333333
1 0.73984375 0.09505208333333333 0.009375 0.022135416666666668
1 0.88828125 0.0859375 0.0078125 0.02734375
1 0.834375 0.078125 0.01015625 0.022135416666666668
1 0.8578125 0.08463541666666667 0.01015625 0.028645833333333332
0 0.2078125 0.3880208333333333 0.17734375 0.18229166666666666
0 0.86875 0.05078125 0.02421875 0.02734375
0 0.8125 0.06380208333333333 0.02109375 0.029947916666666668
0 0.89765625 0.057291666666666664 0.01953125 0.036458333333333336
2 0.765625 0.4427083333333333 0.02265625 0.12760416666666666
2 0.80546875 0.18229166666666666 0.0140625 0.046875
2 0.8890625 0.0703125 0.00625 0.015625
2 0.87109375 0.07552083333333333 0.0078125 0.020833333333333332
2 0.85859375 0.06901041666666667 0.0078125 0.016927083333333332
2 0.82421875 0.07291666666666667 0.00703125 0.01953125