2 0.76875 0.49609375 0.04453125 0.140625
2 0.57109375 0.19270833333333334 0.015625 0.059895833333333336
2 0.865625 0.203125 0.01875 0.06510416666666667
2 0.696875 0.15625 0.01640625 0.049479166666666664
2 0.071875 0.4700520833333333 0.0203125 0.11979166666666667
2 0.79765625 0.3502604166666667 0.02890625 0.09765625
1 0.903125 0.14583333333333334 0.01328125 0.03515625
2 0.9046875 0.12760416666666666 0.0109375 0.032552083333333336
2 0.0296875 0.4830729166666667 0.0171875 0.09505208333333333
1 0.696875 0.171875 0.01953125 0.048177083333333336
1 0.86484375 0.22395833333333334 0.01875 0.05078125
1 0.6484375 0.3658854166666667 0.0296875 0.09765625
1 0.0453125 0.5130208333333334 0.090625 0.09505208333333333
1 0.5703125 0.20963541666666666 0.02265625 0.0546875
1 0.765625 0.5416666666666666 0.0390625 0.1328125
1 0.79453125 0.3828125 0.03203125 0.09505208333333333
1 0.79296875 0.17578125 0.01875 0.045572916666666664
1 0.715625 0.12630208333333334 0.0125 0.036458333333333336
0 0.77265625 0.2578125 0.07421875 0.109375
0 0.86953125 0.15494791666666666 0.040625 0.06770833333333333
0 0.89921875 0.09375 0.01953125 0.037760416666666664
0 0.83828125 0.055989583333333336 0.02578125 0.02734375
0 0.8109375 0.059895833333333336 0.02578125 0.032552083333333336
0 0.86875 0.048177083333333336 0.0234375 0.029947916666666668
0 0.8953125 0.041666666666666664 0.02265625 0.026041666666666668
0 0.7796875 0.07161458333333333 0.02734375 0.03125
2 0.0578125 0.46875 0.01953125 0.10546875
2 0.04140625 0.4674479166666667 0.0203125 0.1171875
2 0.65078125 0.3255208333333333 0.028125 0.09244791666666667
2 0.79609375 0.3385416666666667 0.02109375 0.06901041666666667
2 0.79609375 0.16276041666666666 0.009375 0.049479166666666664
2 0.79453125 0.15885416666666666 0.0140625 0.053385416666666664
2 0.71796875 0.11197916666666667 0.009375 0.046875