2 0.81015625 0.3059895833333333 0.02734375 0.08203125
2 0.83359375 0.2265625 0.02109375 0.040364583333333336
2 0.61875 0.3684895833333333 0.03359375 0.14192708333333334
2 0.41875 0.28125 0.01640625 0.08072916666666667
2 0.62734375 0.3619791666666667 0.015625 0.12369791666666667
2 0.00703125 0.3854166666666667 0.01328125 0.08854166666666667
2 0.90390625 0.13151041666666666 0.01015625 0.020833333333333332
1 0.83515625 0.2916666666666667 0.0234375 0.06510416666666667
1 0.81015625 0.3346354166666667 0.028125 0.08463541666666667
1 0.409375 0.3203125 0.0375 0.06640625
1 0.2640625 0.3723958333333333 0.06171875 0.09505208333333333
1 0.31171875 0.33203125 0.04921875 0.07552083333333333
1 0.903125 0.15494791666666666 0.01171875 0.0390625
1 0.01875 0.4166666666666667 0.03671875 0.06770833333333333
0 0.53359375 0.26171875 0.1015625 0.12760416666666666
0 0.715625 0.3684895833333333 0.09765625 0.17578125
0 0.6765625 0.65234375 0.15390625 0.3776041666666667
0 0.8359375 0.19401041666666666 0.05078125 0.08463541666666667
0 0.63828125 0.15494791666666666 0.05859375 0.07552083333333333
0 0.7640625 0.07552083333333333 0.04609375 0.03515625
0 0.8296875 0.059895833333333336 0.02421875 0.032552083333333336
0 0.86875 0.049479166666666664 0.02265625 0.02734375
0 0.80859375 0.0625 0.01953125 0.033854166666666664
0 0.89609375 0.045572916666666664 0.01640625 0.0234375
2 0.83828125 0.24609375 0.01640625 0.040364583333333336
2 0.40703125 0.2864583333333333 0.0125 0.07552083333333333
2 0.32421875 0.2955729166666667 0.01484375 0.0859375
2 0.3125 0.3072916666666667 0.01640625 0.07942708333333333
2 0.27890625 0.3385416666666667 0.0171875 0.10026041666666667
2 0.265625 0.34765625 0.02109375 0.09895833333333333