2 0.1421875 0.5598958333333334 0.05546875 0.17447916666666666
2 0.821875 0.2591145833333333 0.02109375 0.06380208333333333
2 0.065625 0.6692708333333334 0.0421875 0.20052083333333334
2 0.30390625 0.4036458333333333 0.03359375 0.11067708333333333
2 0.0671875 0.58984375 0.03984375 0.15494791666666666
2 0.803125 0.22786458333333334 0.02109375 0.048177083333333336
2 0.0484375 0.58203125 0.02109375 0.16536458333333334
2 0.8015625 0.3294270833333333 0.03046875 0.08984375
2 0.11953125 0.5403645833333334 0.02109375 0.171875
2 0.52890625 0.24869791666666666 0.01796875 0.055989583333333336
2 0.77578125 0.09765625 0.009375 0.015625
2 0.734375 0.2578125 0.02109375 0.04296875
2 0.8984375 0.09244791666666667 0.0078125 0.022135416666666668
2 0.79140625 0.09244791666666667 0.0078125 0.022135416666666668
2 0.74375 0.10286458333333333 0.01015625 0.024739583333333332
2 0.90546875 0.1328125 0.0078125 0.022135416666666668
2 0.67734375 0.14322916666666666 0.01328125 0.02734375
2 0.753125 0.19140625 0.0203125 0.041666666666666664
1 0.7515625 0.2265625 0.021875 0.059895833333333336
1 0.8203125 0.2864583333333333 0.02421875 0.06640625
1 0.7328125 0.29296875 0.02421875 0.08203125
1 0.30703125 0.4388020833333333 0.07421875 0.1015625
1 0.8015625 0.2591145833333333 0.02109375 0.07161458333333333
1 0.80078125 0.3645833333333333 0.03046875 0.09505208333333333
1 0.6765625 0.16666666666666666 0.01640625 0.044270833333333336
1 0.74296875 0.12239583333333333 0.01328125 0.036458333333333336
1 0.86875 0.07161458333333333 0.0078125 0.020833333333333332
1 0.79140625 0.109375 0.01015625 0.03125
1 0.896875 0.11328125 0.009375 0.03125
1 0.52578125 0.2760416666666667 0.03046875 0.07682291666666667
1 0.90546875 0.15494791666666666 0.01015625 0.036458333333333336
2 0.61953125 0.1484375 0.01171875 0.032552083333333336
2 0.62265625 0.12369791666666667 0.01015625 0.026041666666666668
0 0.4171875 0.2916666666666667 0.11328125 0.1171875
0 0.70234375 0.4518229166666667 0.1015625 0.21614583333333334
0 0.2578125 0.3893229166666667 0.1578125 0.15885416666666666
0 0.82890625 0.15755208333333334 0.046875 0.08463541666666667
0 0.584375 0.1953125 0.08125 0.1015625
0 0.765625 0.12890625 0.0484375 0.053385416666666664
0 0.8890625 0.078125 0.0234375 0.033854166666666664
0 0.68359375 0.11067708333333333 0.04375 0.053385416666666664
0 0.82890625 0.061197916666666664 0.025 0.03125
0 0.86796875 0.049479166666666664 0.01953125 0.026041666666666668
0 0.809375 0.06510416666666667 0.0203125 0.029947916666666668
2 0.8703125 0.05859375 0.0046875 0.016927083333333332