2 0.52734375 0.24088541666666666 0.02421875 0.07552083333333333
2 0.2984375 0.34765625 0.03359375 0.09244791666666667
2 0.89296875 0.09375 0.00703125 0.01953125
2 0.87578125 0.10416666666666667 0.00703125 0.020833333333333332
1 0.8203125 0.2760416666666667 0.0234375 0.07421875
1 0.29765625 0.3736979166666667 0.06640625 0.08854166666666667
1 0.52890625 0.2630208333333333 0.0328125 0.06770833333333333
1 0.66796875 0.19270833333333334 0.02265625 0.049479166666666664
1 0.87421875 0.12369791666666667 0.0109375 0.03125
1 0.60234375 0.25390625 0.03125 0.07161458333333333
1 0.80859375 0.08854166666666667 0.00859375 0.0234375
1 0.8921875 0.11197916666666667 0.01015625 0.029947916666666668
0 0.82421875 0.15755208333333334 0.04375 0.07161458333333333
0 0.71875 0.7486979166666666 0.16015625 0.4036458333333333
0 0.89375 0.061197916666666664 0.01796875 0.024739583333333332
2 0.809375 0.07421875 0.0078125 0.022135416666666668
0 0.8109375 0.061197916666666664 0.02109375 0.029947916666666668
0 0.88828125 0.08984375 0.02421875 0.029947916666666668
0 0.8328125 0.061197916666666664 0.02109375 0.028645833333333332
0 0.84765625 0.057291666666666664 0.0171875 0.029947916666666668
2 0.603125 0.22916666666666666 0.0171875 0.06640625
2 0.6140625 0.22526041666666666 0.0140625 0.07552083333333333
2 0.67109375 0.17317708333333334 0.01640625 0.06380208333333333
2 0.82265625 0.24088541666666666 0.0234375 0.055989583333333336
2 0.8609375 0.06640625 0.00859375 0.01953125
1 0.859375 0.07942708333333333 0.00859375 0.022135416666666668