2 0.796875 0.9361979166666666 0.06875 0.12630208333333334
2 0.70234375 0.19921875 0.015625 0.0625
2 0.7578125 0.09244791666666667 0.00703125 0.018229166666666668
2 0.703125 0.18359375 0.01328125 0.032552083333333336
1 0.7609375 0.55859375 0.04765625 0.13802083333333334
1 0.75703125 0.11067708333333333 0.01171875 0.036458333333333336
1 0.7015625 0.21875 0.02109375 0.055989583333333336
1 0.84296875 0.25390625 0.021875 0.06380208333333333
1 0.875 0.1875 0.0140625 0.040364583333333336
1 0.8140625 0.14713541666666666 0.01484375 0.036458333333333336
1 0.68046875 0.15755208333333334 0.0171875 0.041666666666666664
1 0.89765625 0.14322916666666666 0.0125 0.03125
0 0.025 0.4361979166666667 0.05 0.15494791666666666
0 0.59921875 0.21484375 0.08046875 0.1015625
0 0.40078125 0.30859375 0.11484375 0.13932291666666666
0 0.71796875 0.11979166666666667 0.04921875 0.0625
0 0.85 0.08203125 0.03515625 0.046875
0 0.8828125 0.0703125 0.02734375 0.03515625
0 0.75390625 0.07291666666666667 0.05625 0.040364583333333336
0 0.896875 0.045572916666666664 0.01953125 0.022135416666666668
2 0.765625 0.4778645833333333 0.03828125 0.09244791666666667
2 0.68203125 0.13411458333333334 0.01171875 0.032552083333333336
2 0.81484375 0.12369791666666667 0.01015625 0.02734375
2 0.84453125 0.22135416666666666 0.01640625 0.036458333333333336
2 0.87421875 0.16145833333333334 0.01171875 0.03515625
2 0.89765625 0.1171875 0.01015625 0.02734375
0 0.88203125 0.057291666666666664 0.0234375 0.029947916666666668
1 0.82421875 0.08984375 0.01171875 0.024739583333333332
2 0.82421875 0.0703125 0.00703125 0.015625
0 0.80859375 0.06380208333333333 0.02109375 0.032552083333333336
0 0.828125 0.05859375 0.021875 0.02734375
0 0.84609375 0.05078125 0.021875 0.01953125
0 0.79453125 0.1171875 0.04296875 0.061197916666666664