2 0.228125 0.3541666666666667 0.02734375 0.09635416666666667
2 0.4171875 0.3177083333333333 0.0359375 0.09244791666666667
2 0.42578125 0.3125 0.01953125 0.08333333333333333
2 0.53125 0.24739583333333334 0.02734375 0.08203125
2 0.85234375 0.14322916666666666 0.015625 0.029947916666666668
2 0.53671875 0.24088541666666666 0.015625 0.06901041666666667
2 0.85859375 0.12369791666666667 0.0109375 0.022135416666666668
2 0.89453125 0.13541666666666666 0.01328125 0.03515625
2 0.7578125 0.08984375 0.00859375 0.01953125
1 0.89453125 0.15234375 0.01328125 0.03125
1 0.790625 0.41796875 0.03359375 0.10546875
1 0.23125 0.375 0.0703125 0.109375
1 0.5296875 0.2669270833333333 0.0359375 0.07552083333333333
1 0.75703125 0.10807291666666667 0.0109375 0.033854166666666664
1 0.41328125 0.3541666666666667 0.0546875 0.09505208333333333
1 0.8265625 0.09895833333333333 0.00859375 0.02734375
1 0.8515625 0.16666666666666666 0.0140625 0.037760416666666664
0 0.7890625 0.21875 0.059375 0.1015625
0 0.8640625 0.10286458333333333 0.03046875 0.040364583333333336
0 0.884375 0.07421875 0.02265625 0.032552083333333336
2 0.790625 0.3619791666666667 0.03671875 0.078125
2 0.82578125 0.08463541666666667 0.00859375 0.018229166666666668
0 0.84765625 0.055989583333333336 0.0171875 0.026041666666666668
0 0.82890625 0.05859375 0.021875 0.029947916666666668
0 0.81015625 0.061197916666666664 0.02421875 0.032552083333333336