1 0.8734375 0.9348958333333334 0.1015625 0.13020833333333334
2 0.88828125 0.90234375 0.0703125 0.19270833333333334
2 0.78359375 0.3463541666666667 0.03125 0.10416666666666667
2 0.7140625 0.14973958333333334 0.0140625 0.048177083333333336
2 0.75234375 0.08203125 0.0078125 0.040364583333333336
2 0.86171875 0.21484375 0.01875 0.040364583333333336
2 0.10078125 0.4283854166666667 0.02890625 0.09505208333333333
2 0.85703125 0.16796875 0.01484375 0.040364583333333336
2 0.5421875 0.3528645833333333 0.01640625 0.10677083333333333
2 0.74296875 0.0859375 0.00625 0.03515625
2 0.12109375 0.4166666666666667 0.02421875 0.10677083333333333
2 0.84140625 0.07161458333333333 0.0078125 0.01953125
2 0.8078125 0.08203125 0.0078125 0.022135416666666668
1 0.78203125 0.3802083333333333 0.03046875 0.09114583333333333
1 0.7140625 0.16276041666666666 0.01640625 0.045572916666666664
1 0.52734375 0.3841145833333333 0.053125 0.0859375
1 0.8609375 0.24739583333333334 0.02109375 0.06510416666666667
1 0.834375 0.16927083333333334 0.01484375 0.044270833333333336
1 0.80703125 0.09895833333333333 0.01015625 0.024739583333333332
1 0.10625 0.4609375 0.08046875 0.08984375
1 0.74140625 0.09505208333333333 0.00859375 0.0234375
1 0.88671875 0.08463541666666667 0.01015625 0.024739583333333332
1 0.840625 0.08333333333333333 0.00859375 0.0234375
1 0.853125 0.07421875 0.0109375 0.018229166666666668
1 0.85703125 0.19270833333333334 0.01640625 0.05078125
1 0.87578125 0.07682291666666667 0.009375 0.022135416666666668
1 0.07578125 0.4140625 0.04453125 0.08333333333333333
0 0.31796875 0.34375 0.15078125 0.16536458333333334
0 0.81171875 0.0625 0.0265625 0.032552083333333336
0 0.86796875 0.049479166666666664 0.02578125 0.02734375
2 0.0875 0.37890625 0.0234375 0.1015625
2 0.5265625 0.35546875 0.02265625 0.10677083333333333
2 0.7890625 0.3567708333333333 0.021875 0.10546875
2 0.83515625 0.14713541666666666 0.01171875 0.036458333333333336
2 0.853125 0.0625 0.00625 0.016927083333333332
2 0.88828125 0.06901041666666667 0.00859375 0.01953125
2 0.8765625 0.06380208333333333 0.00703125 0.020833333333333332