2 0.890625 0.9140625 0.0671875 0.16796875
2 0.72421875 0.7096354166666666 0.05703125 0.18489583333333334
2 0.53828125 0.22916666666666666 0.02265625 0.07161458333333333
2 0.7125 0.4440104166666667 0.0328125 0.11979166666666667
2 0.5921875 0.14973958333333334 0.01796875 0.0546875
1 0.8734375 0.1875 0.0125 0.03515625
2 0.8734375 0.16536458333333334 0.0125 0.029947916666666668
2 0.8375 0.10286458333333333 0.0109375 0.024739583333333332
2 0.7484375 0.08723958333333333 0.01015625 0.024739583333333332
2 0.8796875 0.06901041666666667 0.00703125 0.022135416666666668
2 0.86953125 0.21484375 0.01484375 0.06510416666666667
1 0.71171875 0.4830729166666667 0.0390625 0.12109375
1 0.721875 0.7877604166666666 0.06484375 0.17578125
1 0.7484375 0.10546875 0.01171875 0.037760416666666664
1 0.540625 0.2526041666666667 0.03203125 0.06380208333333333
1 0.88046875 0.9479166666666666 0.09453125 0.10286458333333333
1 0.86796875 0.234375 0.02578125 0.057291666666666664
1 0.66953125 0.20963541666666666 0.02421875 0.061197916666666664
1 0.58984375 0.16145833333333334 0.02734375 0.040364583333333336
1 0.8625 0.09765625 0.01015625 0.026041666666666668
1 0.87734375 0.08072916666666667 0.00859375 0.02734375
1 0.83671875 0.12109375 0.0125 0.033854166666666664
2 0.6734375 0.19661458333333334 0.01640625 0.06640625
2 0.86171875 0.08333333333333333 0.00703125 0.020833333333333332
1 0.86484375 0.06770833333333333 0.00625 0.015625
0 0.478125 0.9505208333333334 0.1796875 0.09765625
0 0.871875 0.13151041666666666 0.03984375 0.055989583333333336
0 0.83828125 0.055989583333333336 0.025 0.02734375
0 0.8953125 0.041666666666666664 0.0234375 0.026041666666666668
0 0.8109375 0.061197916666666664 0.02578125 0.032552083333333336
0 0.78203125 0.06901041666666667 0.0265625 0.03125
0 0.86875 0.046875 0.02421875 0.02734375
2 0.67734375 0.1953125 0.0125 0.06510416666666667
2 0.86484375 0.057291666666666664 0.00625 0.014322916666666666