2 0.61328125 0.3671875 0.0296875 0.140625
2 0.0640625 0.3776041666666667 0.028125 0.09765625
2 0.46015625 0.2591145833333333 0.0171875 0.08203125
2 0.84296875 0.21354166666666666 0.01875 0.0390625
2 0.8484375 0.24609375 0.01796875 0.06770833333333333
2 0.90625 0.12239583333333333 0.0078125 0.018229166666666668
2 0.453125 0.2630208333333333 0.01328125 0.07161458333333333
1 0.846875 0.2708333333333333 0.02421875 0.06510416666666667
1 0.06328125 0.4049479166666667 0.07265625 0.08333333333333333
1 0.82109375 0.3059895833333333 0.02578125 0.078125
1 0.90546875 0.1484375 0.009375 0.033854166666666664
0 0.73359375 0.3346354166666667 0.08828125 0.15755208333333334
0 0.56328125 0.24479166666666666 0.09296875 0.11848958333333333
0 0.66796875 0.5598958333333334 0.134375 0.3125
0 0.659375 0.14322916666666666 0.05390625 0.0703125
0 0.7640625 0.07552083333333333 0.04609375 0.03515625
0 0.8421875 0.18359375 0.04765625 0.078125
0 0.8296875 0.059895833333333336 0.02421875 0.032552083333333336
0 0.86796875 0.05078125 0.02265625 0.028645833333333332
0 0.8953125 0.045572916666666664 0.0203125 0.0234375
0 0.80859375 0.0625 0.01953125 0.033854166666666664
2 0.825 0.2604166666666667 0.015625 0.040364583333333336
1 0.83984375 0.24348958333333334 0.00859375 0.045572916666666664
1 0.453125 0.2916666666666667 0.03671875 0.06770833333333333
2 0.371875 0.2747395833333333 0.0140625 0.08203125
2 0.36015625 0.2877604166666667 0.0125 0.07942708333333333
2 0.34453125 0.3138020833333333 0.0140625 0.09244791666666667
2 0.334375 0.3190104166666667 0.01640625 0.09375
1 0.36484375 0.3059895833333333 0.0359375 0.052083333333333336
1 0.3328125 0.3515625 0.05234375 0.07291666666666667