2 0.453125 0.5442708333333334 0.03984375 0.140625
2 0.6 0.16796875 0.01640625 0.04296875
2 0.62734375 0.1953125 0.01796875 0.06380208333333333
2 0.7765625 0.10416666666666667 0.01015625 0.0234375
2 0.6234375 0.12760416666666666 0.01328125 0.028645833333333332
2 0.5859375 0.20703125 0.0203125 0.0390625
2 0.79296875 0.09114583333333333 0.0078125 0.020833333333333332
1 0.45 0.6002604166666666 0.04609375 0.14322916666666666
1 0.815625 0.21744791666666666 0.01796875 0.053385416666666664
1 0.6265625 0.21484375 0.02421875 0.0546875
1 0.775 0.12239583333333333 0.01328125 0.03125
1 0.5875 0.2421875 0.03203125 0.0703125
1 0.790625 0.10807291666666667 0.01171875 0.03125
1 0.86484375 0.08854166666666667 0.00859375 0.026041666666666668
1 0.62265625 0.14583333333333334 0.015625 0.03125
0 0.7125 0.4440104166666667 0.1046875 0.19401041666666666
0 0.6796875 0.7825520833333334 0.171875 0.4348958333333333
0 0.63515625 0.296875 0.0921875 0.13671875
0 0.40078125 0.2916666666666667 0.1265625 0.13802083333333334
0 0.8796875 0.17447916666666666 0.04375 0.08203125
0 0.7078125 0.14973958333333334 0.05859375 0.07682291666666667
0 0.83046875 0.1015625 0.03515625 0.04296875
0 0.8984375 0.08984375 0.02421875 0.04296875
0 0.79921875 0.09375 0.0296875 0.040364583333333336
0 0.68359375 0.10677083333333333 0.04453125 0.048177083333333336
0 0.85546875 0.06770833333333333 0.0296875 0.0390625
0 0.83125 0.057291666666666664 0.02578125 0.029947916666666668
0 0.80859375 0.0625 0.01953125 0.029947916666666668
1 0.6 0.19140625 0.021875 0.0390625
2 0.81640625 0.19010416666666666 0.0140625 0.046875
2 0.865625 0.07161458333333333 0.00625 0.018229166666666668