2 0.14375 0.6588541666666666 0.065625 0.203125
2 0.18671875 0.5455729166666666 0.04609375 0.18359375
2 0.75390625 0.3072916666666667 0.02578125 0.08984375
2 0.43671875 0.3046875 0.02578125 0.07682291666666667
2 0.10625 0.46484375 0.03671875 0.11328125
2 0.76953125 0.4036458333333333 0.03671875 0.09895833333333333
2 0.79453125 0.3151041666666667 0.025 0.07942708333333333
2 0.75390625 0.10807291666666667 0.01328125 0.022135416666666668
2 0.73515625 0.24609375 0.0125 0.07421875
2 0.109375 0.5690104166666666 0.025 0.16145833333333334
2 0.11328125 0.5872395833333334 0.03046875 0.16536458333333334
2 0.69765625 0.3229166666666667 0.0234375 0.053385416666666664
2 0.6234375 0.12760416666666666 0.01171875 0.033854166666666664
2 0.17734375 0.5130208333333334 0.0265625 0.14973958333333334
2 0.71328125 0.109375 0.009375 0.024739583333333332
2 0.9046875 0.09244791666666667 0.00703125 0.0234375
2 0.90234375 0.15104166666666666 0.01171875 0.02734375
2 0.896875 0.11588541666666667 0.0078125 0.01953125
2 0.72421875 0.234375 0.01796875 0.037760416666666664
2 0.640625 0.16015625 0.01484375 0.036458333333333336
1 0.64140625 0.18489583333333334 0.01953125 0.0546875
1 0.4375 0.3307291666666667 0.040625 0.08463541666666667
1 0.8765625 0.1328125 0.0109375 0.036458333333333336
1 0.6953125 0.359375 0.03046875 0.12109375
1 0.79375 0.3411458333333333 0.0265625 0.08463541666666667
1 0.7984375 0.11848958333333333 0.01015625 0.032552083333333336
1 0.7265625 0.2747395833333333 0.0265625 0.06901041666666667
1 0.75234375 0.33203125 0.02890625 0.08854166666666667
1 0.76875 0.4505208333333333 0.03828125 0.11458333333333333
1 0.10703125 0.515625 0.09140625 0.11067708333333333
1 0.71328125 0.1328125 0.01640625 0.040364583333333336
1 0.9015625 0.17838541666666666 0.01328125 0.04296875
1 0.84765625 0.07942708333333333 0.009375 0.024739583333333332
1 0.90390625 0.11197916666666667 0.009375 0.024739583333333332
1 0.896875 0.140625 0.01015625 0.029947916666666668
1 0.6234375 0.14713541666666666 0.01328125 0.02734375
0 0.68984375 0.6028645833333334 0.12265625 0.3033854166666667
0 0.3390625 0.3307291666666667 0.1328125 0.1328125
0 0.540625 0.21744791666666666 0.09140625 0.11197916666666667
0 0.8078125 0.18619791666666666 0.053125 0.1015625
0 0.74140625 0.14322916666666666 0.05234375 0.05859375
0 0.684375 0.11067708333333333 0.04296875 0.053385416666666664
0 0.87890625 0.08463541666666667 0.028125 0.037760416666666664
0 0.11875 0.4296875 0.175 0.16666666666666666
0 0.828125 0.061197916666666664 0.0234375 0.029947916666666668
0 0.865625 0.052083333333333336 0.02578125 0.02734375
0 0.809375 0.06510416666666667 0.0203125 0.028645833333333332
2 0.8484375 0.06510416666666667 0.00625 0.022135416666666668
2 0.87734375 0.11067708333333333 0.00859375 0.022135416666666668
2 0.79765625 0.10286458333333333 0.009375 0.024739583333333332