2 0.771875 0.4791666666666667 0.034375 0.13541666666666666
2 0.84609375 0.21614583333333334 0.01875 0.06510416666666667
2 0.51640625 0.22916666666666666 0.028125 0.06901041666666667
2 0.77265625 0.2916666666666667 0.02421875 0.08463541666666667
2 0.52265625 0.2265625 0.015625 0.061197916666666664
2 0.90078125 0.9765625 0.05078125 0.044270833333333336
2 0.62109375 0.21744791666666666 0.021875 0.05859375
2 0.628125 0.20572916666666666 0.009375 0.036458333333333336
2 0.90234375 0.12239583333333333 0.01015625 0.020833333333333332
1 0.77109375 0.3190104166666667 0.0265625 0.07552083333333333
1 0.77109375 0.5208333333333334 0.03671875 0.13020833333333334
1 0.5140625 0.2578125 0.0328125 0.0703125
1 0.61953125 0.2421875 0.02890625 0.0703125
1 0.84375 0.234375 0.0234375 0.0546875
1 0.9015625 0.14322916666666666 0.01328125 0.03125
0 0.65390625 0.4192708333333333 0.1125 0.21223958333333334
0 0.1609375 0.4244791666666667 0.196875 0.19661458333333334
0 0.5625 0.74609375 0.171875 0.4440104166666667
0 0.75625 0.07942708333333333 0.03046875 0.0390625
0 0.8078125 0.10546875 0.03671875 0.049479166666666664
0 0.8109375 0.0625 0.02734375 0.033854166666666664
0 0.83984375 0.057291666666666664 0.02734375 0.02734375
0 0.8625 0.052083333333333336 0.02734375 0.029947916666666668
0 0.8953125 0.045572916666666664 0.0234375 0.02734375
0 0.878125 0.05078125 0.0140625 0.024739583333333332
2 0.78984375 0.4713541666666667 0.02109375 0.12630208333333334