2 0.93359375 0.9401041666666666 0.0671875 0.11848958333333333
2 0.03984375 0.49609375 0.034375 0.1171875
2 0.396875 0.3463541666666667 0.0234375 0.10286458333333333
2 0.21640625 0.4140625 0.034375 0.109375
2 0.75703125 0.6341145833333334 0.05078125 0.17317708333333334
2 0.72265625 0.10286458333333333 0.01015625 0.020833333333333332
2 0.6671875 0.22395833333333334 0.02265625 0.06380208333333333
1 0.803125 0.13802083333333334 0.01328125 0.032552083333333336
2 0.8046875 0.11588541666666667 0.00859375 0.020833333333333332
2 0.7703125 0.13411458333333334 0.0140625 0.036458333333333336
2 0.78046875 0.09114583333333333 0.0078125 0.020833333333333332
1 0.75546875 0.6875 0.0625 0.15885416666666666
1 0.6671875 0.24348958333333334 0.0265625 0.06380208333333333
1 0.046875 0.52734375 0.09375 0.11197916666666667
1 0.4 0.3763020833333333 0.05546875 0.09635416666666667
1 0.7703125 0.16015625 0.01484375 0.04296875
1 0.78046875 0.11067708333333333 0.01171875 0.028645833333333332
1 0.2203125 0.4466145833333333 0.0765625 0.1015625
1 0.90390625 0.13151041666666666 0.0109375 0.036458333333333336
1 0.8765625 0.14322916666666666 0.01171875 0.032552083333333336
1 0.8890625 0.9752604166666666 0.03359375 0.048177083333333336
1 0.7265625 0.12239583333333333 0.00703125 0.022135416666666668
0 0.2765625 0.3372395833333333 0.17734375 0.17578125
0 0.83203125 0.17708333333333334 0.04609375 0.07552083333333333
0 0.70078125 0.1484375 0.05546875 0.07421875
0 0.809375 0.06380208333333333 0.03203125 0.033854166666666664
0 0.9 0.08854166666666667 0.01953125 0.04296875
0 0.8375 0.057291666666666664 0.02578125 0.02734375
0 0.8953125 0.044270833333333336 0.02265625 0.02734375
0 0.86171875 0.053385416666666664 0.02421875 0.029947916666666668
0 0.875 0.05078125 0.01953125 0.02734375
0 0.75625 0.07682291666666667 0.03203125 0.044270833333333336
2 0.9046875 0.10807291666666667 0.00703125 0.01953125
0 0.86640625 0.10807291666666667 0.0359375 0.055989583333333336
2 0.878125 0.125 0.00703125 0.018229166666666668
2 0.65546875 0.1171875 0.009375 0.024739583333333332
1 0.6546875 0.14583333333333334 0.01796875 0.033854166666666664