2 0.73203125 0.3932291666666667 0.02578125 0.13151041666666666
2 0.796875 0.3854166666666667 0.03046875 0.11067708333333333
2 0.72265625 0.5364583333333334 0.04375 0.140625
2 0.76953125 0.43359375 0.03828125 0.12630208333333334
2 0.8921875 0.18229166666666666 0.01328125 0.02734375
2 0.73515625 0.5364583333333334 0.02109375 0.13932291666666666
1 0.725 0.5950520833333334 0.04921875 0.14583333333333334
1 0.8734375 0.18489583333333334 0.01328125 0.046875
1 0.8359375 0.10286458333333333 0.01015625 0.029947916666666668
1 0.76796875 0.4739583333333333 0.03828125 0.11328125
1 0.89140625 0.21484375 0.01640625 0.0546875
1 0.7953125 0.42578125 0.0296875 0.09244791666666667
2 0.8375 0.08333333333333333 0.0078125 0.01953125
0 0.2375 0.3984375 0.18515625 0.18359375
0 0.784375 0.26953125 0.07265625 0.11848958333333333
0 0.66640625 0.7955729166666666 0.17578125 0.4075520833333333
0 0.47734375 0.2421875 0.09609375 0.11848958333333333
0 0.7640625 0.07552083333333333 0.04609375 0.03515625
0 0.86796875 0.049479166666666664 0.02265625 0.02734375
0 0.83046875 0.059895833333333336 0.02421875 0.032552083333333336
0 0.80859375 0.0625 0.01953125 0.032552083333333336
0 0.8890625 0.061197916666666664 0.021875 0.028645833333333332
2 0.7046875 0.3997395833333333 0.0296875 0.14583333333333334
2 0.87578125 0.15364583333333334 0.01171875 0.0234375
0 0.89296875 0.040364583333333336 0.01484375 0.013020833333333334