2 0.8140625 0.3645833333333333 0.03046875 0.09635416666666667
2 0.7625 0.6158854166666666 0.04296875 0.16145833333333334
2 0.11328125 0.4869791666666667 0.03359375 0.12890625
2 0.55234375 0.23177083333333334 0.01796875 0.06770833333333333
2 0.13515625 0.4752604166666667 0.03203125 0.11458333333333333
2 0.803125 0.08333333333333333 0.0078125 0.0234375
2 0.79296875 0.2721354166666667 0.0234375 0.05078125
2 0.76015625 0.23567708333333334 0.02265625 0.0390625
2 0.86875 0.08203125 0.00703125 0.020833333333333332
1 0.76171875 0.671875 0.05390625 0.1484375
1 0.79140625 0.3151041666666667 0.02578125 0.078125
1 0.759375 0.2721354166666667 0.0234375 0.07161458333333333
1 0.8125 0.4010416666666667 0.03203125 0.09635416666666667
1 0.55078125 0.2526041666666667 0.03203125 0.06380208333333333
1 0.75234375 0.12239583333333333 0.01328125 0.032552083333333336
1 0.11328125 0.5208333333333334 0.09140625 0.10677083333333333
1 0.84765625 0.10286458333333333 0.0109375 0.02734375
1 0.7390625 0.09375 0.01015625 0.026041666666666668
1 0.8015625 0.10026041666666667 0.009375 0.029947916666666668
1 0.8671875 0.09635416666666667 0.00859375 0.02734375
1 0.83359375 0.09375 0.01015625 0.02734375
1 0.89765625 0.08984375 0.00703125 0.024739583333333332
1 0.88359375 0.078125 0.00859375 0.022135416666666668
1 0.81328125 0.0859375 0.0109375 0.022135416666666668
0 0.0671875 0.4205729166666667 0.13359375 0.16536458333333334
0 0.86875 0.048177083333333336 0.025 0.02734375
0 0.8953125 0.06380208333333333 0.0203125 0.03515625
0 0.81171875 0.0625 0.0265625 0.029947916666666668
2 0.75 0.58984375 0.0421875 0.17057291666666666
2 0.8140625 0.07291666666666667 0.00703125 0.018229166666666668
2 0.84765625 0.08463541666666667 0.0078125 0.022135416666666668
2 0.8328125 0.07682291666666667 0.0078125 0.022135416666666668
2 0.88359375 0.06510416666666667 0.00625 0.015625
2 0.8984375 0.07682291666666667 0.00703125 0.018229166666666668
2 0.75390625 0.1015625 0.01015625 0.022135416666666668
2 0.74140625 0.08203125 0.0078125 0.028645833333333332