2 0.578125 0.19401041666666666 0.01640625 0.0625
2 0.6828125 0.5559895833333334 0.04453125 0.1015625
2 0.79453125 0.5911458333333334 0.05078125 0.15364583333333334
2 0.90625 0.12890625 0.00703125 0.018229166666666668
2 0.88125 0.10416666666666667 0.00859375 0.018229166666666668
2 0.86171875 0.15234375 0.01171875 0.029947916666666668
2 0.76953125 0.08984375 0.00703125 0.018229166666666668
2 0.79609375 0.5260416666666666 0.04375 0.06901041666666667
1 0.79296875 0.640625 0.04921875 0.14713541666666666
1 0.678125 0.6276041666666666 0.06484375 0.16145833333333334
1 0.86171875 0.17838541666666666 0.01484375 0.048177083333333336
1 0.76875 0.10807291666666667 0.01015625 0.032552083333333336
1 0.57734375 0.2109375 0.0234375 0.053385416666666664
1 0.8046875 0.09375 0.0109375 0.028645833333333332
1 0.88046875 0.12369791666666667 0.0125 0.036458333333333336
1 0.90625 0.14973958333333334 0.0109375 0.032552083333333336
0 0.26640625 0.3606770833333333 0.1453125 0.13932291666666666
0 0.77578125 0.22786458333333334 0.06328125 0.10677083333333333
0 0.81171875 0.0625 0.02890625 0.033854166666666664
0 0.87734375 0.10026041666666667 0.03046875 0.04296875
0 0.86640625 0.049479166666666664 0.01796875 0.02734375
0 0.88359375 0.045572916666666664 0.01640625 0.020833333333333332
0 0.88046875 0.0625 0.025 0.02734375
1 0.86171875 0.0859375 0.0078125 0.022135416666666668
2 0.86328125 0.0703125 0.0078125 0.015625
2 0.80546875 0.078125 0.00703125 0.016927083333333332