2 0.89296875 0.9231770833333334 0.05625 0.15234375
2 0.875 0.17578125 0.01640625 0.053385416666666664
2 0.54609375 0.25 0.01640625 0.0703125
2 0.87578125 0.9010416666666666 0.06875 0.19401041666666666
2 0.2484375 0.3385416666666667 0.02890625 0.08984375
2 0.4203125 0.23567708333333334 0.01484375 0.061197916666666664
2 0.7421875 0.08854166666666667 0.00703125 0.03515625
1 0.809375 0.2109375 0.01953125 0.05078125
1 0.87421875 0.19401041666666666 0.01796875 0.048177083333333336
1 0.253125 0.3671875 0.05859375 0.07552083333333333
1 0.821875 0.3203125 0.02578125 0.08072916666666667
1 0.41953125 0.2604166666666667 0.03125 0.055989583333333336
1 0.85 0.09244791666666667 0.0078125 0.022135416666666668
1 0.740625 0.09505208333333333 0.009375 0.0234375
1 0.5484375 0.2721354166666667 0.03125 0.07161458333333333
0 0.57890625 0.20052083333333334 0.075 0.09765625
0 0.86796875 0.049479166666666664 0.02578125 0.02734375
0 0.81328125 0.06380208333333333 0.02890625 0.033854166666666664
2 0.55859375 0.24609375 0.01484375 0.0703125
2 0.82109375 0.2799479166666667 0.01796875 0.053385416666666664
2 0.8109375 0.18229166666666666 0.0171875 0.044270833333333336
2 0.85078125 0.07421875 0.0078125 0.018229166666666668