2 0.5453125 0.23177083333333334 0.02109375 0.053385416666666664
2 0.8015625 0.11848958333333333 0.01484375 0.0234375
2 0.78984375 0.76171875 0.065625 0.20703125
2 0.7515625 0.10546875 0.0125 0.022135416666666668
2 0.771875 0.11197916666666667 0.01015625 0.020833333333333332
2 0.8 0.7604166666666666 0.04609375 0.11458333333333333
1 0.7515625 0.12369791666666667 0.01328125 0.03515625
1 0.77109375 0.13151041666666666 0.01328125 0.036458333333333336
1 0.546875 0.2591145833333333 0.03359375 0.0703125
1 0.80078125 0.8736979166666666 0.078125 0.22005208333333334
0 0.57578125 0.68359375 0.159375 0.3671875
0 0.8546875 0.125 0.03828125 0.059895833333333336
0 0.8 0.16666666666666666 0.046875 0.07291666666666667
0 0.65546875 0.12369791666666667 0.04765625 0.059895833333333336
0 0.834375 0.06901041666666667 0.02734375 0.04296875
0 0.68828125 0.11067708333333333 0.03515625 0.0546875
0 0.81015625 0.061197916666666664 0.02265625 0.032552083333333336
0 0.89296875 0.07682291666666667 0.02734375 0.036458333333333336
0 0.86328125 0.049479166666666664 0.01640625 0.02734375