2 0.7828125 0.6328125 0.04453125 0.16927083333333334
2 0.5703125 0.2421875 0.02265625 0.07291666666666667
2 0.51875 0.23567708333333334 0.02109375 0.05859375
2 0.02890625 0.3736979166666667 0.02890625 0.08333333333333333
2 0.8703125 0.1015625 0.009375 0.028645833333333332
2 0.8890625 0.13020833333333334 0.009375 0.026041666666666668
1 0.8953125 0.12760416666666666 0.0109375 0.02734375
2 0.89375 0.11197916666666667 0.01015625 0.01953125
2 0.790625 0.10807291666666667 0.01015625 0.026041666666666668
2 0.0125 0.4075520833333333 0.025 0.07161458333333333
1 0.7859375 0.6888020833333334 0.05390625 0.15885416666666666
1 0.7546875 0.17578125 0.015625 0.049479166666666664
1 0.7890625 0.12369791666666667 0.01171875 0.03125
1 0.5703125 0.265625 0.02890625 0.06901041666666667
1 0.8875 0.15364583333333334 0.01328125 0.0390625
1 0.51875 0.2591145833333333 0.03125 0.07161458333333333
1 0.80390625 0.09765625 0.01015625 0.029947916666666668
1 0.625 0.14713541666666666 0.01484375 0.033854166666666664
1 0.040625 0.4127604166666667 0.04609375 0.059895833333333336
1 0.8296875 0.07942708333333333 0.00859375 0.0234375
1 0.02578125 0.4583333333333333 0.0515625 0.08203125
2 0.625 0.12369791666666667 0.0140625 0.02734375
1 0.86875 0.11848958333333333 0.0078125 0.028645833333333332
0 0.4984375 0.8997395833333334 0.20078125 0.19921875
0 0.67265625 0.18880208333333334 0.06328125 0.078125
0 0.3609375 0.31640625 0.15859375 0.16276041666666666
0 0.66640625 0.15494791666666666 0.05546875 0.06901041666666667
0 0.68515625 0.10677083333333333 0.04375 0.05078125
0 0.9 0.08333333333333333 0.02578125 0.049479166666666664
0 0.75703125 0.10807291666666667 0.04296875 0.059895833333333336
0 0.83828125 0.16666666666666666 0.04609375 0.07291666666666667
0 0.85078125 0.08463541666666667 0.03203125 0.03515625
0 0.8671875 0.05078125 0.02109375 0.02734375
0 0.809375 0.061197916666666664 0.02109375 0.029947916666666668
0 0.83125 0.055989583333333336 0.02734375 0.032552083333333336
2 0.75546875 0.1484375 0.0125 0.032552083333333336
2 0.8046875 0.08203125 0.00703125 0.01953125
2 0.8296875 0.06640625 0.00703125 0.020833333333333332