1 0.675 0.1640625 0.0203125 0.041666666666666664
2 0.6734375 0.15104166666666666 0.0140625 0.055989583333333336
2 0.7359375 0.3541666666666667 0.0328125 0.09635416666666667
2 0.740625 0.08854166666666667 0.0078125 0.03515625
2 0.87890625 0.11848958333333333 0.0109375 0.024739583333333332
2 0.80546875 0.44140625 0.0375 0.1171875
1 0.81015625 0.4739583333333333 0.0375 0.11588541666666667
1 0.87890625 0.13932291666666666 0.0125 0.041666666666666664
1 0.73515625 0.3893229166666667 0.034375 0.10416666666666667
1 0.80234375 0.09114583333333333 0.009375 0.028645833333333332
1 0.83515625 0.08072916666666667 0.01015625 0.026041666666666668
1 0.8984375 0.11197916666666667 0.01015625 0.02734375
0 0.44609375 0.2825520833333333 0.10703125 0.11328125
0 0.0390625 0.4153645833333333 0.078125 0.14583333333333334
0 0.81171875 0.18098958333333334 0.05078125 0.09244791666666667
0 0.8875 0.0859375 0.025 0.04296875
0 0.86484375 0.049479166666666664 0.02109375 0.028645833333333332
0 0.81484375 0.06380208333333333 0.03125 0.033854166666666664
0 0.88359375 0.046875 0.0171875 0.0234375
2 0.8203125 0.421875 0.02265625 0.1171875
2 0.9 0.09635416666666667 0.0078125 0.024739583333333332
2 0.83671875 0.0703125 0.00625 0.026041666666666668
2 0.80390625 0.078125 0.0078125 0.0234375