2 0.7875 0.5377604166666666 0.04140625 0.14583333333333334
2 0.434375 0.27734375 0.02265625 0.07552083333333333
1 0.86328125 0.30078125 0.021875 0.06380208333333333
2 0.8640625 0.2760416666666667 0.02265625 0.078125
2 0.340625 0.3138020833333333 0.01953125 0.08854166666666667
2 0.64921875 0.80078125 0.05546875 0.11197916666666667
2 0.4703125 0.24609375 0.0140625 0.06901041666666667
2 0.6453125 0.8723958333333334 0.08515625 0.2552083333333333
2 0.459375 0.25 0.0171875 0.078125
2 0.35 0.3098958333333333 0.01640625 0.08463541666666667
1 0.871875 0.17708333333333334 0.01640625 0.04296875
1 0.43515625 0.3059895833333333 0.03671875 0.06901041666666667
1 0.33828125 0.3385416666666667 0.0515625 0.0859375
1 0.65234375 0.9466145833333334 0.08125 0.10546875
1 0.7828125 0.5833333333333334 0.034375 0.12890625
1 0.4640625 0.2734375 0.0296875 0.06380208333333333
0 0.07109375 0.4401041666666667 0.1421875 0.171875
0 0.69453125 0.3411458333333333 0.09296875 0.15494791666666666
0 0.6953125 0.171875 0.0609375 0.08072916666666667
0 0.8296875 0.09114583333333333 0.03359375 0.04296875
0 0.73046875 0.12890625 0.0390625 0.06380208333333333
0 0.75625 0.07682291666666667 0.06015625 0.041666666666666664
0 0.8703125 0.061197916666666664 0.0234375 0.033854166666666664
0 0.8078125 0.0625 0.0171875 0.032552083333333336
2 0.8734375 0.15104166666666666 0.01640625 0.033854166666666664
0 0.828125 0.059895833333333336 0.021875 0.02734375
0 0.84453125 0.0546875 0.0203125 0.029947916666666668
1 0.85859375 0.078125 0.00859375 0.020833333333333332
2 0.86015625 0.059895833333333336 0.0078125 0.015625
0 0.8953125 0.046875 0.01875 0.026041666666666668