2 0.10234375 0.4583333333333333 0.03671875 0.12630208333333334
2 0.66875 0.125 0.01015625 0.020833333333333332
2 0.528125 0.30078125 0.02578125 0.08723958333333333
2 0.87421875 0.14453125 0.0140625 0.029947916666666668
2 0.85 0.15885416666666666 0.01328125 0.029947916666666668
2 0.7453125 0.14713541666666666 0.01328125 0.024739583333333332
1 0.53203125 0.32421875 0.04453125 0.08203125
1 0.1078125 0.4947916666666667 0.0921875 0.1171875
1 0.72109375 0.140625 0.015625 0.036458333333333336
1 0.7453125 0.16927083333333334 0.0171875 0.041666666666666664
1 0.87421875 0.16145833333333334 0.015625 0.046875
1 0.678125 0.21614583333333334 0.0203125 0.053385416666666664
1 0.84921875 0.18880208333333334 0.01484375 0.04296875
1 0.6 0.171875 0.0171875 0.040364583333333336
0 0.140625 0.3828125 0.20703125 0.17057291666666666
0 0.7546875 0.07552083333333333 0.03046875 0.0390625
0 0.65546875 0.17708333333333334 0.06484375 0.08463541666666667
0 0.88671875 0.10546875 0.03046875 0.05078125
0 0.77265625 0.24609375 0.06171875 0.10286458333333333
0 0.8421875 0.13151041666666666 0.04296875 0.06510416666666667
0 0.80859375 0.06380208333333333 0.03046875 0.033854166666666664
0 0.8375 0.057291666666666664 0.02578125 0.02734375
0 0.86171875 0.053385416666666664 0.02265625 0.029947916666666668
0 0.8921875 0.046875 0.01484375 0.02734375
0 0.87421875 0.05078125 0.01875 0.02734375
2 0.678125 0.17708333333333334 0.0125 0.033854166666666664
2 0.6015625 0.14453125 0.01015625 0.024739583333333332
2 0.72109375 0.11458333333333333 0.00859375 0.024739583333333332