2 0.815625 0.3541666666666667 0.03046875 0.09895833333333333
2 0.8515625 0.8802083333333334 0.0609375 0.21484375
2 0.5984375 0.19010416666666666 0.0125 0.052083333333333336
2 0.759375 0.66015625 0.04609375 0.15364583333333334
2 0.8640625 0.16796875 0.01640625 0.03125
2 0.80390625 0.24479166666666666 0.02109375 0.07161458333333333
2 0.0578125 0.3763020833333333 0.02421875 0.07682291666666667
2 0.840625 0.8125 0.0515625 0.12890625
2 0.67734375 0.18359375 0.01484375 0.049479166666666664
2 0.82578125 0.3528645833333333 0.01171875 0.09505208333333333
2 0.07734375 0.3971354166666667 0.02890625 0.10677083333333333
2 0.60703125 0.18880208333333334 0.0125 0.061197916666666664
1 0.7578125 0.7291666666666666 0.06171875 0.171875
1 0.80390625 0.2669270833333333 0.02265625 0.06510416666666667
1 0.60078125 0.20963541666666666 0.025 0.061197916666666664
1 0.8640625 0.19270833333333334 0.01640625 0.05078125
1 0.8125 0.3880208333333333 0.0296875 0.09505208333333333
1 0.678125 0.20963541666666666 0.02421875 0.059895833333333336
1 0.08046875 0.4270833333333333 0.07890625 0.09635416666666667
1 0.84140625 0.9231770833333334 0.08359375 0.15234375
0 0.69609375 0.3424479166666667 0.09453125 0.16796875
0 0.26953125 0.3880208333333333 0.17734375 0.18489583333333334
0 0.5640625 0.5416666666666666 0.13984375 0.3033854166666667
0 0.75625 0.078125 0.03046875 0.0390625
0 0.83359375 0.09244791666666667 0.03359375 0.046875
0 0.80859375 0.06380208333333333 0.02421875 0.033854166666666664
0 0.89609375 0.044270833333333336 0.02265625 0.02734375
0 0.878125 0.05078125 0.0140625 0.024739583333333332
0 0.86328125 0.053385416666666664 0.025 0.029947916666666668
0 0.8390625 0.057291666666666664 0.02265625 0.02734375
1 0.0484375 0.4140625 0.0578125 0.07552083333333333
2 0.690625 0.18098958333333334 0.01171875 0.046875