2 0.68671875 0.6471354166666666 0.06484375 0.19401041666666666
1 0.7453125 0.3059895833333333 0.02578125 0.044270833333333336
2 0.7453125 0.2734375 0.025 0.045572916666666664
2 0.78046875 0.4322916666666667 0.03515625 0.11197916666666667
2 0.15234375 0.3854166666666667 0.03203125 0.1015625
2 0.1671875 0.3776041666666667 0.02265625 0.09895833333333333
2 0.86796875 0.83203125 0.07109375 0.18880208333333334
2 0.2640625 0.328125 0.02734375 0.08984375
2 0.75078125 0.3645833333333333 0.01484375 0.10286458333333333
2 0.678125 0.1796875 0.01796875 0.036458333333333336
1 0.6859375 0.7161458333333334 0.06328125 0.1640625
1 0.2703125 0.3528645833333333 0.0578125 0.07942708333333333
1 0.15390625 0.41015625 0.06953125 0.09114583333333333
1 0.740625 0.40234375 0.034375 0.10026041666666667
1 0.77890625 0.09375 0.01171875 0.02734375
1 0.8859375 0.09635416666666667 0.009375 0.03125
1 0.67890625 0.2109375 0.02109375 0.0546875
1 0.865625 0.9010416666666666 0.08046875 0.19661458333333334
1 0.77890625 0.4752604166666667 0.0375 0.11458333333333333
0 0.52109375 0.24739583333333334 0.09453125 0.10416666666666667
0 0.89921875 0.06901041666666667 0.02109375 0.036458333333333336
0 0.74921875 0.07291666666666667 0.04765625 0.045572916666666664
2 0.73671875 0.3776041666666667 0.025 0.10546875
2 0.77890625 0.07682291666666667 0.01015625 0.024739583333333332
2 0.8859375 0.08072916666666667 0.009375 0.022135416666666668