2 0.796875 0.29296875 0.02421875 0.07552083333333333
2 0.18671875 0.3763020833333333 0.034375 0.10546875
2 0.5171875 0.20052083333333334 0.0109375 0.033854166666666664
2 0.53671875 0.29296875 0.02578125 0.08203125
2 0.80859375 0.09505208333333333 0.00859375 0.040364583333333336
2 0.875 0.1796875 0.01640625 0.032552083333333336
2 0.80390625 0.2916666666666667 0.01015625 0.07161458333333333
2 0.909375 0.125 0.0046875 0.018229166666666668
2 0.8859375 0.12890625 0.0109375 0.029947916666666668
2 0.45390625 0.22395833333333334 0.015625 0.04296875
2 0.80390625 0.2721354166666667 0.009375 0.033854166666666664
2 0.84140625 0.09114583333333333 0.0109375 0.020833333333333332
1 0.80625 0.1015625 0.01171875 0.033854166666666664
1 0.8859375 0.14713541666666666 0.01328125 0.036458333333333336
1 0.87421875 0.20703125 0.0171875 0.053385416666666664
1 0.84140625 0.10807291666666667 0.01328125 0.029947916666666668
1 0.7953125 0.3203125 0.02734375 0.078125
1 0.7546875 0.3763020833333333 0.0328125 0.09505208333333333
1 0.45390625 0.25390625 0.03046875 0.059895833333333336
1 0.184375 0.4075520833333333 0.07265625 0.08854166666666667
1 0.90625 0.14453125 0.00703125 0.033854166666666664
0 0.75 0.22135416666666666 0.07109375 0.11067708333333333
0 0.65703125 0.5455729166666666 0.109375 0.2513020833333333
0 0.5328125 0.2565104166666667 0.09765625 0.11979166666666667
0 0.83828125 0.16015625 0.04453125 0.07682291666666667
0 0.75703125 0.078125 0.03046875 0.0390625
0 0.81171875 0.0625 0.02734375 0.032552083333333336
0 0.84140625 0.05859375 0.02578125 0.02734375
0 0.86171875 0.053385416666666664 0.02578125 0.029947916666666668
0 0.89453125 0.044270833333333336 0.021875 0.02734375
1 0.53828125 0.3255208333333333 0.04609375 0.06640625
2 0.7609375 0.3255208333333333 0.025 0.055989583333333336
0 0.87890625 0.049479166666666664 0.01484375 0.02734375