2 0.5984375 0.36328125 0.03203125 0.13802083333333334
2 0.02890625 0.4375 0.03359375 0.11979166666666667
2 0.11953125 0.3658854166666667 0.025 0.09765625
2 0.9125 0.9322916666666666 0.07421875 0.1328125
2 0.0546875 0.4283854166666667 0.02578125 0.1015625
2 0.85078125 0.19401041666666666 0.00859375 0.0234375
2 0.8328125 0.24739583333333334 0.01953125 0.037760416666666664
1 0.11953125 0.3932291666666667 0.0703125 0.08463541666666667
1 0.034375 0.46875 0.06875 0.10416666666666667
1 0.4859375 0.2682291666666667 0.03046875 0.06901041666666667
1 0.83125 0.28515625 0.02421875 0.07552083333333333
1 0.90546875 0.9596354166666666 0.11484375 0.07942708333333333
1 0.85546875 0.2526041666666667 0.02421875 0.0625
0 0.74921875 0.3072916666666667 0.08125 0.14453125
0 0.5890625 0.22916666666666666 0.08671875 0.11067708333333333
0 0.8484375 0.17317708333333334 0.04609375 0.07291666666666667
0 0.7640625 0.07552083333333333 0.04609375 0.03515625
0 0.86875 0.05078125 0.02265625 0.028645833333333332
0 0.8296875 0.059895833333333336 0.02421875 0.032552083333333336
0 0.80859375 0.0625 0.01953125 0.033854166666666664
0 0.6703125 0.4934895833333333 0.12265625 0.2669270833333333
0 0.67734375 0.1328125 0.05078125 0.06510416666666667
0 0.8953125 0.045572916666666664 0.01953125 0.0234375
2 0.48671875 0.24479166666666666 0.0109375 0.06770833333333333
2 0.4953125 0.23958333333333334 0.0125 0.07682291666666667
2 0.4109375 0.2591145833333333 0.015625 0.08463541666666667
2 0.39765625 0.2825520833333333 0.01640625 0.07161458333333333
2 0.4 0.24739583333333334 0.01328125 0.04296875
2 0.3875 0.29296875 0.01484375 0.08984375
1 0.3890625 0.328125 0.0515625 0.07421875
1 0.846875 0.23567708333333334 0.0125 0.0546875
2 0.859375 0.21614583333333334 0.0140625 0.033854166666666664