2 0.52109375 0.21484375 0.01796875 0.06510416666666667
2 0.4640625 0.25 0.02109375 0.06901041666666667
2 0.4765625 0.24869791666666666 0.01484375 0.078125
2 0.79453125 0.33984375 0.01640625 0.041666666666666664
2 0.7328125 0.2903645833333333 0.0234375 0.053385416666666664
2 0.84375 0.16145833333333334 0.01328125 0.02734375
2 0.7390625 0.3072916666666667 0.01328125 0.08723958333333333
1 0.7921875 0.3893229166666667 0.03203125 0.09114583333333333
1 0.72890625 0.3346354166666667 0.03203125 0.08203125
1 0.8328125 0.2721354166666667 0.0296875 0.06510416666666667
1 0.521875 0.23177083333333334 0.03125 0.057291666666666664
1 0.82109375 0.109375 0.0109375 0.033854166666666664
1 0.46640625 0.2747395833333333 0.0375 0.06640625
2 0.83671875 0.20442708333333334 0.021875 0.041666666666666664
1 0.84140625 0.18229166666666666 0.01640625 0.03515625
0 0.1921875 0.3697916666666667 0.16484375 0.1640625
0 0.74921875 0.07291666666666667 0.04921875 0.045572916666666664
0 0.67109375 0.16796875 0.059375 0.07161458333333333
2 0.83671875 0.23828125 0.0203125 0.044270833333333336
2 0.82109375 0.09505208333333333 0.01171875 0.026041666666666668