2 0.50546875 0.3111979166666667 0.02109375 0.08723958333333333
2 0.0515625 0.4739583333333333 0.0359375 0.13020833333333334
2 0.73671875 0.15234375 0.01484375 0.02734375
2 0.71171875 0.125 0.01171875 0.02734375
2 0.871875 0.14583333333333334 0.01015625 0.0234375
2 0.66171875 0.19010416666666666 0.01796875 0.0390625
2 0.84453125 0.16536458333333334 0.01484375 0.036458333333333336
2 0.59609375 0.16536458333333334 0.01171875 0.053385416666666664
1 0.86953125 0.171875 0.015625 0.041666666666666664
1 0.7125 0.14713541666666666 0.01484375 0.036458333333333336
1 0.50546875 0.3411458333333333 0.0484375 0.0859375
1 0.84453125 0.19140625 0.01640625 0.05078125
1 0.7359375 0.17708333333333334 0.0171875 0.049479166666666664
1 0.5921875 0.17578125 0.01796875 0.04296875
1 0.05703125 0.51171875 0.096875 0.11848958333333333
1 0.66171875 0.22395833333333334 0.025 0.057291666666666664
0 0.11953125 0.3932291666666667 0.21171875 0.17447916666666666
0 0.75546875 0.078125 0.03046875 0.0390625
0 0.6484375 0.18098958333333334 0.065625 0.08723958333333333
0 0.7640625 0.2552083333333333 0.0640625 0.109375
0 0.88515625 0.10546875 0.03125 0.049479166666666664
0 0.83671875 0.13411458333333334 0.04375 0.06380208333333333
0 0.80859375 0.06510416666666667 0.03046875 0.033854166666666664
0 0.83828125 0.059895833333333336 0.02578125 0.02734375
0 0.86171875 0.053385416666666664 0.0234375 0.029947916666666668
0 0.8953125 0.045572916666666664 0.0203125 0.024739583333333332
0 0.87890625 0.05078125 0.01484375 0.024739583333333332