1 0.8078125 0.24479166666666666 0.01875 0.05859375
2 0.80859375 0.2109375 0.01953125 0.037760416666666664
1 0.60078125 0.23177083333333334 0.03203125 0.05078125
2 0.6 0.19661458333333334 0.01796875 0.0390625
2 0.4328125 0.6015625 0.04609375 0.10677083333333333
1 0.56796875 0.20703125 0.02578125 0.040364583333333336
2 0.56953125 0.1796875 0.01953125 0.033854166666666664
2 0.62265625 0.12760416666666666 0.01484375 0.037760416666666664
2 0.553125 0.22395833333333334 0.021875 0.04296875
1 0.43203125 0.6940104166666666 0.053125 0.16536458333333334
1 0.5515625 0.2708333333333333 0.0296875 0.0625
1 0.7578125 0.12760416666666666 0.01484375 0.037760416666666664
1 0.85625 0.09244791666666667 0.00859375 0.024739583333333332
1 0.77578125 0.1171875 0.01171875 0.033854166666666664
1 0.62421875 0.15364583333333334 0.015625 0.02734375
0 0.696875 0.484375 0.11171875 0.21223958333333334
0 0.72421875 0.8307291666666666 0.21953125 0.3372395833333333
0 0.340625 0.3229166666666667 0.14296875 0.15104166666666666
0 0.8765625 0.18619791666666666 0.04453125 0.08203125
0 0.6875 0.16145833333333334 0.06328125 0.08072916666666667
0 0.81796875 0.10807291666666667 0.03671875 0.045572916666666664
0 0.8953125 0.09505208333333333 0.02578125 0.04296875
0 0.78984375 0.09505208333333333 0.03203125 0.040364583333333336
0 0.68359375 0.10677083333333333 0.04375 0.046875
0 0.846875 0.07161458333333333 0.03046875 0.041666666666666664
0 0.82890625 0.059895833333333336 0.02421875 0.032552083333333336
0 0.8078125 0.06380208333333333 0.01953125 0.028645833333333332
2 0.85703125 0.078125 0.0078125 0.016927083333333332
2 0.77734375 0.09765625 0.00859375 0.0234375
2 0.759375 0.109375 0.009375 0.026041666666666668