2 0.0734375 0.44140625 0.03671875 0.11067708333333333
2 0.7703125 0.5403645833333334 0.03828125 0.1328125
2 0.8359375 0.17708333333333334 0.01640625 0.05859375
2 0.428125 0.3046875 0.02421875 0.09635416666666667
2 0.88671875 0.2421875 0.015625 0.046875
2 0.6625 0.1484375 0.01640625 0.03515625
1 0.42890625 0.33984375 0.05234375 0.08463541666666667
1 0.07265625 0.4791666666666667 0.09296875 0.11458333333333333
1 0.83515625 0.19140625 0.0171875 0.046875
1 0.85078125 0.20963541666666666 0.01875 0.052083333333333336
1 0.6625 0.17057291666666666 0.01640625 0.045572916666666664
1 0.8859375 0.2786458333333333 0.01640625 0.053385416666666664
1 0.88671875 0.17447916666666666 0.01484375 0.04296875
1 0.67421875 0.15625 0.01484375 0.03515625
1 0.7703125 0.59765625 0.0390625 0.13411458333333334
0 0.76875 0.11588541666666667 0.04140625 0.048177083333333336
0 0.471875 0.2526041666666667 0.10234375 0.11458333333333333
0 0.1390625 0.3815104166666667 0.17421875 0.15234375
0 0.74921875 0.0703125 0.0484375 0.044270833333333336
2 0.85234375 0.18489583333333334 0.0171875 0.040364583333333336
2 0.675 0.13151041666666666 0.0125 0.0390625
2 0.88671875 0.1484375 0.01484375 0.024739583333333332
2 0.88671875 0.12369791666666667 0.01484375 0.024739583333333332
2 0.89140625 0.10546875 0.01484375 0.024739583333333332