2 0.8578125 0.3033854166666667 0.025 0.0859375
2 0.790625 0.6315104166666666 0.04609375 0.16927083333333334
2 0.38359375 0.3020833333333333 0.02421875 0.08333333333333333
2 0.2671875 0.3424479166666667 0.021875 0.09765625
2 0.4296875 0.26953125 0.0125 0.07161458333333333
2 0.27890625 0.3411458333333333 0.01640625 0.09114583333333333
2 0.41640625 0.2747395833333333 0.01953125 0.07942708333333333
1 0.7875 0.6822916666666666 0.05 0.15494791666666666
1 0.26640625 0.37109375 0.06015625 0.08333333333333333
1 0.85859375 0.19791666666666666 0.01796875 0.049479166666666664
1 0.384375 0.3346354166666667 0.04296875 0.07421875
1 0.85625 0.328125 0.0234375 0.07421875
1 0.41953125 0.296875 0.034375 0.07291666666666667
1 0.8484375 0.08072916666666667 0.009375 0.024739583333333332
0 0.66953125 0.38671875 0.1015625 0.18098958333333334
0 0.66640625 0.1875 0.06875 0.08723958333333333
0 0.0140625 0.453125 0.028125 0.140625
0 0.815625 0.09765625 0.0359375 0.046875
0 0.71484375 0.13671875 0.040625 0.06901041666666667
0 0.7546875 0.07682291666666667 0.06015625 0.040364583333333336
1 0.90625 0.13541666666666666 0.01015625 0.03125
0 0.8609375 0.06380208333333333 0.02734375 0.036458333333333336
0 0.8078125 0.061197916666666664 0.01796875 0.032552083333333336
0 0.89609375 0.045572916666666664 0.0203125 0.0234375
2 0.859375 0.16927083333333334 0.0125 0.033854166666666664
2 0.8484375 0.06380208333333333 0.00703125 0.01953125
0 0.82890625 0.05859375 0.01953125 0.032552083333333336
0 0.84296875 0.052083333333333336 0.01796875 0.02734375
2 0.90703125 0.109375 0.01015625 0.020833333333333332