2 0.78359375 0.359375 0.03359375 0.10677083333333333
2 0.73984375 0.12239583333333333 0.01328125 0.05078125
2 0.7859375 0.3502604166666667 0.0265625 0.053385416666666664
1 0.7828125 0.40234375 0.03359375 0.10026041666666667
1 0.7390625 0.13932291666666666 0.0140625 0.032552083333333336
0 0.6671875 0.6640625 0.13984375 0.3463541666666667
0 0.66484375 0.3580729166666667 0.10546875 0.17057291666666666
0 0.8484375 0.10416666666666667 0.0328125 0.046875
0 0.8875 0.08723958333333333 0.02890625 0.041666666666666664
0 0.65546875 0.12239583333333333 0.04921875 0.059895833333333336
0 0.8109375 0.06510416666666667 0.02734375 0.033854166666666664
0 0.68828125 0.11067708333333333 0.03515625 0.0546875
0 0.8734375 0.057291666666666664 0.02578125 0.03515625