2 0.765625 0.52734375 0.04609375 0.14973958333333334
2 0.78984375 0.37109375 0.02265625 0.09635416666666667
2 0.7921875 0.3671875 0.02890625 0.09765625
2 0.8609375 0.2109375 0.01953125 0.06901041666666667
1 0.90234375 0.15364583333333334 0.0140625 0.033854166666666664
2 0.903125 0.13151041666666666 0.0125 0.029947916666666668
2 0.5546875 0.20052083333333334 0.0171875 0.061197916666666664
2 0.68203125 0.16796875 0.01640625 0.05859375
2 0.00859375 0.4817708333333333 0.0171875 0.125
1 0.6828125 0.18359375 0.02109375 0.044270833333333336
1 0.86015625 0.23177083333333334 0.01953125 0.055989583333333336
1 0.78984375 0.18229166666666666 0.01640625 0.049479166666666664
1 0.6359375 0.3958333333333333 0.03359375 0.10807291666666667
1 0.7046875 0.13151041666666666 0.0140625 0.036458333333333336
1 0.55390625 0.22135416666666666 0.02421875 0.05078125
1 0.7890625 0.4010416666666667 0.0328125 0.09765625
1 0.0125 0.51171875 0.025 0.09635416666666667
1 0.76328125 0.5755208333333334 0.040625 0.13932291666666666
0 0.7640625 0.26953125 0.078125 0.11588541666666667
0 0.865625 0.16015625 0.03984375 0.06510416666666667
0 0.89921875 0.09635416666666667 0.021875 0.040364583333333336
0 0.8375 0.055989583333333336 0.02578125 0.02734375
0 0.86875 0.049479166666666664 0.0234375 0.029947916666666668
0 0.81171875 0.059895833333333336 0.02578125 0.032552083333333336
0 0.89609375 0.041666666666666664 0.02265625 0.026041666666666668
0 0.78359375 0.07161458333333333 0.02734375 0.03125
2 0.6390625 0.3567708333333333 0.0296875 0.09635416666666667
2 0.70625 0.11979166666666667 0.009375 0.044270833333333336
2 0.79296875 0.16927083333333334 0.01015625 0.044270833333333336
2 0.79140625 0.16276041666666666 0.01640625 0.05078125