2 0.61015625 0.22916666666666666 0.021875 0.07291666666666667
2 0.859375 0.16536458333333334 0.01328125 0.029947916666666668
2 0.42890625 0.3424479166666667 0.02109375 0.09244791666666667
2 0.83046875 0.19661458333333334 0.0171875 0.059895833333333336
2 0.71171875 0.16927083333333334 0.01484375 0.033854166666666664
2 0.571875 0.15885416666666666 0.0078125 0.020833333333333332
2 0.68671875 0.13671875 0.01328125 0.029947916666666668
2 0.5734375 0.17708333333333334 0.0125 0.057291666666666664
2 0.86015625 0.16015625 0.01015625 0.01953125
1 0.428125 0.3763020833333333 0.06328125 0.078125
1 0.8296875 0.21484375 0.01953125 0.055989583333333336
1 0.609375 0.25 0.02890625 0.06380208333333333
1 0.71171875 0.19401041666666666 0.01796875 0.052083333333333336
1 0.68671875 0.16015625 0.01796875 0.04296875
1 0.8578125 0.18619791666666666 0.01640625 0.053385416666666664
1 0.5703125 0.1875 0.01953125 0.046875
0 0.0859375 0.41015625 0.171875 0.19401041666666666
0 0.75625 0.078125 0.03046875 0.0390625
0 0.6296875 0.19401041666666666 0.0703125 0.09375
0 0.740625 0.2916666666666667 0.071875 0.12630208333333334
0 0.82421875 0.14713541666666666 0.046875 0.06901041666666667
0 0.878125 0.11197916666666667 0.03359375 0.0546875
0 0.809375 0.06510416666666667 0.03203125 0.033854166666666664
0 0.83828125 0.057291666666666664 0.02578125 0.02734375
0 0.8625 0.052083333333333336 0.02578125 0.029947916666666668
0 0.89140625 0.045572916666666664 0.01640625 0.024739583333333332