2 0.7140625 0.3841145833333333 0.03125 0.10677083333333333
2 0.8421875 0.8203125 0.06328125 0.22005208333333334
2 0.81796875 0.796875 0.05390625 0.18619791666666666
2 0.89140625 0.07552083333333333 0.00703125 0.016927083333333332
2 0.50625 0.2825520833333333 0.01640625 0.07421875
2 0.88046875 0.15364583333333334 0.01328125 0.02734375
1 0.81015625 0.2994791666666667 0.02421875 0.07421875
1 0.7109375 0.4244791666666667 0.03515625 0.08854166666666667
1 0.4953125 0.3190104166666667 0.04453125 0.08203125
1 0.83203125 0.9075520833333334 0.08125 0.18489583333333334
1 0.88828125 0.11588541666666667 0.009375 0.03125
1 0.8796875 0.17578125 0.015625 0.048177083333333336
1 0.32265625 0.3450520833333333 0.05703125 0.08723958333333333
2 0.8890625 0.09765625 0.00859375 0.016927083333333332
1 0.890625 0.09244791666666667 0.0078125 0.020833333333333332
0 0.0375 0.453125 0.075 0.16666666666666666
0 0.60234375 0.6015625 0.13359375 0.3216145833333333
0 0.7609375 0.13020833333333334 0.04609375 0.059895833333333336
0 0.75625 0.07682291666666667 0.0296875 0.0390625
0 0.66171875 0.9205729166666666 0.23203125 0.15755208333333334
0 0.81015625 0.06380208333333333 0.03203125 0.033854166666666664
0 0.84140625 0.057291666666666664 0.02578125 0.02734375
0 0.8953125 0.044270833333333336 0.0234375 0.02734375
0 0.8625 0.052083333333333336 0.0265625 0.029947916666666668
0 0.87734375 0.049479166666666664 0.015625 0.024739583333333332
2 0.49375 0.2877604166666667 0.01640625 0.07421875
2 0.32109375 0.3177083333333333 0.02109375 0.09765625
2 0.3328125 0.3072916666666667 0.02109375 0.09375
2 0.8140625 0.2526041666666667 0.01640625 0.037760416666666664