2 0.840625 0.44921875 0.02578125 0.14322916666666666
2 0.79921875 0.4596354166666667 0.0328125 0.16145833333333334
2 0.7328125 0.64453125 0.0578125 0.16927083333333334
2 0.765625 0.7916666666666666 0.05078125 0.1953125
1 0.9015625 0.16145833333333334 0.01328125 0.03515625
2 0.90234375 0.13671875 0.00703125 0.018229166666666668
2 0.78828125 0.8190104166666666 0.0578125 0.20963541666666666
1 0.81875 0.2825520833333333 0.0203125 0.06901041666666667
1 0.78828125 0.8984375 0.07578125 0.20052083333333334
1 0.85 0.3072916666666667 0.02578125 0.07682291666666667
1 0.7296875 0.7096354166666666 0.05234375 0.14973958333333334
0 0.69296875 0.4075520833333333 0.10859375 0.19401041666666666
0 0.221875 0.3606770833333333 0.16171875 0.16796875
0 0.8296875 0.059895833333333336 0.0234375 0.032552083333333336
0 0.85859375 0.07421875 0.02578125 0.032552083333333336
0 0.86796875 0.046875 0.02265625 0.0234375
0 0.88203125 0.0625 0.02265625 0.033854166666666664
2 0.85234375 0.2604166666666667 0.01875 0.045572916666666664
2 0.8203125 0.234375 0.01875 0.04296875
1 0.73359375 0.17057291666666666 0.021875 0.044270833333333336
2 0.7359375 0.13802083333333334 0.0125 0.032552083333333336
0 0.8078125 0.0625 0.02109375 0.033854166666666664
0 0.7640625 0.07552083333333333 0.05 0.040364583333333336